9401531

W 0 2
P 0 0.23440000000000005
G 0 0.4
E 0 1
W 1 2
P 1 0.17643199999999992
G 1 0.1
E 1 1
W 2 0
P 2 -0.126608
G 2 0.1
E 2 1
W 3 0
P 3 -0.0020799999999999708
G 3 0.1
E 3 1
W 4 2
P 4 0.34151999999999993
G 4 0.1
E 4 1
W 5 0
P 5 0.371248
G 5 0.1
E 5 1
W 6 0
P 6 0.37615200000000004
G 6 0.1
E 6 1
W 7 0
P 7 -0.02602399999999999
G 7 0.1
E 7 1
W 8 2
P 8 0.10999200000000007
G 8 0.1
E 8 1
W 9 1
P 9 -0.37753600000000004
G 9 0.1
E 9 1
W 10 1
P 10 -0.260344
G 10 0.1
E 10 1
W 11 0
P 11 0.24616000000000005
G 11 0.1
E 11 1
W 12 2
P 12 0.1694
G 12 0.1
E 12 1
W 13 0
P 13 -0.37320000000000003
G 13 0.1
E 13 1
W 14 0
P 14 -0.11454399999999998
G 14 0.1
E 14 1
W 15 1
P 15 0.3697440000000001
G 15 0.1
E 15 1

N 15 0 5836 60 1
N 15 5836 11672 60 1
N 15 17510 23346 60 1
N 15 23347 29183 60 1
N 15 29183 35019 60 1
N 15 35020 40856 60 1
N 15 40857 46693 60 1
N 15 46694 52530 60 1
N 15 52530 58366 60 1
N 4 58367 93387 54 1
N 4 58367 93387 58 1
N 4 58367 93387 61 1
N 5 58367 93387 85 1
N 5 58367 93387 73 1
N 6 58367 93387 58 1
N 6 58367 93387 61 1
N 8 58367 64203 27 1
N 8 70041 75877 27 1
N 8 75877 81713 27 1
N 8 87551 93387 36 1
N 4 93388 151755 56 1
N 4 93388 151755 63 1
N 4 93388 151755 60 1
N 5 93388 128408 87 1
N 5 93388 128408 75 1
N 6 93388 128408 63 1
N 6 93388 128408 60 1
N 8 93388 99224 34 1
N 8 105061 110897 32 1
N 8 116735 122571 32 1
N 5 128408 151755 80 0.755906
N 5 128408 151755 68 0.755906
N 6 128408 151755 51 0.755906
N 6 128408 151755 56 0.755906
N 8 140082 145918 27 1
N 8 145918 151754 32 1
N 4 151755 186775 60 1
N 4 151755 186775 63 1
N 4 151755 186775 56 1
N 5 151755 186775 87 1
N 5 151755 186775 75 1
N 6 151755 186775 63 1
N 6 151755 186775 60 1
N 8 151755 157591 29 1
N 8 163429 169265 29 1
N 8 169265 175101 29 1
N 8 180939 186775 36 1
N 4 186776 245143 61 1
N 4 186776 245143 58 1
N 4 186776 245143 53 1
N 5 186776 221796 89 1
N 5 186776 221796 77 1
N 6 186776 221796 65 1
N 6 186776 221796 61 1
N 8 186776 192612 34 1
N 8 210123 215959 34 1
N 8 215959 221795 34 1
N 5 221796 227632 80 1
N 5 221796 227632 92 1
N 5 227633 233469 78 1
N 5 227633 233469 90 1
N 8 227633 233469 36 1
N 5 233470 239306 77 1
N 5 233470 239306 89 1
N 5 239307 245143 73 1
N 5 239307 245143 85 1
N 8 239307 245143 34 1
N 4 245143 280163 61 1
N 4 245143 280163 54 1
N 4 245143 280163 58 1
N 5 245143 280163 85 1
N 5 245143 280163 73 1
N 6 245143 280163 58 1
N 6 245143 280163 61 1
N 8 245143 250979 27 1
N 8 256817 262653 27 1
N 8 262654 268490 27 1
N 8 274327 280163 36 1
N 4 280164 338531 60 1
N 4 280164 338531 56 1
N 4 280164 338531 63 1
N 5 280164 315184 87 1
N 5 280164 315184 75 1
N 6 280164 315184 63 1
N 6 280164 315184 60 1
N 8 280164 286000 34 1
N 8 291837 297673 32 1
N 8 303511 309347 32 1
N 5 315184 385225 68 0.755906
N 5 315184 385225 80 0.755906
N 6 315184 385225 51 0.755906
N 6 315184 385225 56 0.755906
N 8 326858 332694 32 1
N 8 332695 338531 32 1
N 4 338531 373551 60 1
N 4 338531 373551 63 1
N 4 338531 373551 56 1
N 8 338531 344367 29 1
N 8 350205 356041 29 1
N 8 356042 361878 29 1
N 8 367715 373551 36 1
N 4 373552 431919 61 1
N 4 373552 431919 58 1
N 4 373552 431919 53 1
N 8 373552 379388 34 1
N 8 396899 402735 32 1
N 10 396899 400790 80 1
N 10 396899 400790 68 1
N 10 402736 406627 80 0.755906
N 10 402736 406627 68 0.755906
N 5 408572 414408 92 1
N 5 408572 414408 80 1
N 8 408572 414408 34 1
N 10 408572 412463 82 1
N 10 408572 412463 70 1
N 11 408572 412463 80 1
N 11 408572 412463 68 1
N 5 414409 420245 78 1
N 5 414409 420245 90 1
N 8 414409 420245 32 1
N 10 414409 418300 73 1
N 10 414409 418300 85 1
N 11 414409 418300 80 0.755906
N 11 414409 418300 68 0.755906
N 5 420246 426082 77 1
N 5 420246 426082 89 1
N 11 420246 424137 82 1
N 11 420246 424137 70 1
N 5 426083 431919 73 1
N 5 426083 431919 85 1
N 8 426083 431919 37 1
N 10 426083 429974 73 1
N 10 426083 429974 85 1
N 11 426083 429974 73 1
N 11 426083 429974 85 1
N 4 431919 466939 61 1
N 4 431919 466939 54 1
N 4 431919 466939 58 1
N 5 431919 466939 73 1
N 5 431919 466939 85 1
N 6 431919 466939 58 1
N 6 431919 466939 61 1
N 7 431919 525307 68 1
N 8 431919 437755 27 1
N 11 437756 441647 73 1
N 11 437756 441647 85 1
N 8 443593 449429 27 1
N 8 449430 455266 27 1
N 8 461103 466939 36 1
N 4 466940 525307 60 1
N 4 466940 525307 56 1
N 4 466940 525307 63 1
N 5 466940 501960 75 1
N 5 466940 501960 87 1
N 6 466940 501960 63 1
N 6 466940 501960 60 1
N 8 466940 472776 34 1
N 8 478614 484450 32 1
N 8 490287 496123 32 1
N 5 501961 525308 68 0.755906
N 5 501961 525308 80 0.755906
N 6 501961 525308 51 0.755906
N 6 501961 525308 56 0.755906
N 8 513634 519470 27 1
N 8 519471 525307 32 1
N 4 525308 560328 60 1
N 4 525308 560328 63 1
N 4 525308 560328 56 1
N 5 525308 560328 87 1
N 5 525308 560328 75 1
N 6 525308 560328 60 1
N 6 525308 560328 63 1
N 7 525308 595349 68 1
N 8 525308 531144 29 1
N 8 536981 542817 29 1
N 8 542818 548654 29 1
N 8 554491 560327 36 1
N 4 560328 618695 61 1
N 4 560328 618695 58 1
N 4 560328 618695 53 1
N 5 560328 595348 89 1
N 5 560328 595348 77 1
N 6 560328 595348 61 1
N 6 560328 595348 65 1
N 8 560328 566164 34 1
N 8 583675 589511 34 1
N 8 589512 595348 34 1
N 5 595349 601185 80 1
N 5 595349 601185 92 1
N 5 601185 607021 78 1
N 5 601185 607021 90 1
N 8 601185 607021 36 1
N 5 607022 612858 77 1
N 5 607022 612858 89 1
N 5 612859 618695 73 1
N 5 612859 618695 85 1
N 8 612859 618695 34 1
N 4 618696 653716 54 1
N 4 618696 653716 58 1
N 4 618696 653716 61 1
N 5 618696 653716 73 1
N 5 618696 653716 85 1
N 6 618696 653716 61 1
N 6 618696 653716 58 1
N 8 618696 624532 27 1
N 8 630369 636205 27 1
N 8 636206 642042 27 1
N 8 647879 653715 36 1
N 4 653716 700410 56 1
N 4 653716 700410 63 1
N 4 653716 700410 60 1
N 5 653716 688736 75 1
N 5 653716 688736 87 1
N 6 653716 688736 60 1
N 6 653716 688736 63 1
N 8 653716 659552 34 1
N 8 665390 671226 32 1
N 8 677063 682899 32 1
N 5 688737 758778 80 0.755906
N 5 688737 758778 68 0.755906
N 6 688737 758778 51 0.755906
N 6 688737 758778 56 0.755906
N 4 700410 723757 56 1
N 4 700410 723757 60 1
N 4 700410 723757 63 1
N 8 700410 706246 32 1
N 8 706247 712083 32 1
N 8 712084 717920 29 1
N 4 723757 735430 56 1
N 4 723757 735430 61 1
N 4 723757 735430 53 1
N 8 723757 729593 29 1
N 8 729594 735430 29 1
N 4 735431 805472 56 1
N 4 735431 805472 53 1
N 4 735431 805472 61 1
N 8 741268 747104 36 1
N 8 747104 752940 34 1
N 10 758778 762669 73 1
N 10 758778 762669 85 1
N 15 758778 764614 60 0.755906
N 10 764615 768506 85 1
N 10 764615 768506 73 1
N 15 764615 770451 60 0.755906
N 8 770451 776287 32 1
N 11 770451 774342 73 1
N 11 770451 774342 85 1
N 15 770451 776287 60 0.755906
N 11 776288 780179 85 1
N 11 776288 780179 73 1
N 15 776288 782124 60 0.755906
N 8 782125 787961 34 1
N 10 782125 786016 73 1
N 10 782125 786016 85 1
N 8 787962 793798 32 1
N 10 787962 791853 73 1
N 10 787962 791853 85 1
N 11 793798 797689 73 1
N 11 793798 797689 85 1
N 8 799635 805471 37 1
N 10 799635 803526 73 1
N 10 799635 803526 85 1
N 11 799635 803526 73 1
N 11 799635 803526 85 1
N 4 805472 898860 61 1
N 4 805472 898860 65 1
N 4 805472 898860 58 1
N 7 805472 898860 61 0.629921
N 7 805472 898860 65 0.629921
N 8 805472 811308 34 1
N 11 811309 815200 73 1
N 11 811309 815200 85 1
N 8 817145 822981 34 1
N 8 822982 828818 34 1
N 0 828819 840492 58 1
N 8 834656 840492 37 1
N 0 840492 846328 60 1
N 8 840492 846328 36 1
N 0 852166 863839 61 1
N 8 852166 858002 32 1
N 0 863839 869675 61 1
N 8 863839 869675 34 1
N 0 875513 887186 63 1
N 0 887186 968900 58 1
N 8 887186 893022 29 1
N 8 893023 898859 34 1
N 4 898860 992248 60 1
N 4 898860 992248 63 1
N 4 898860 992248 56 1
N 7 898860 992248 60 0.629921
N 7 898860 992248 63 0.629921
N 8 898860 904696 34 1
N 8 910533 916369 32 1
N 8 916370 922206 34 1
N 8 928044 933880 37 1
N 8 933881 939717 36 1
N 8 980575 986411 29 1
N 8 986411 992247 34 1
N 4 992248 1085636 65 1
N 4 992248 1085636 61 1
N 4 992248 1085636 58 1
N 7 992248 1085636 65 0.629921
N 7 992248 1085636 61 0.629921
N 8 992248 998084 34 1
N 0 1003922 1015595 58 1
N 8 1003922 1009758 32 1
N 8 1009758 1015594 34 1
N 0 1015595 1027268 58 1
N 8 1021432 1027268 37 1
N 0 1027269 1038942 60 1
N 8 1027269 1033105 36 1
N 0 1038942 1050615 61 1
N 8 1038942 1044778 32 1
N 0 1050616 1062289 58 1
N 8 1050616 1056452 34 1
N 0 1073963 1085636 56 1
N 8 1073963 1079799 34 1
N 8 1079799 1085635 34 1
N 0 1085636 1097309 68 1
N 8 1085636 1091472 27 1
N 12 1085636 1108983 58 1
N 12 1085636 1108983 61 1
N 12 1085636 1108983 65 1
N 8 1097310 1103146 27 1
N 8 1103146 1108982 27 1
N 0 1108983 1120656 68 1
N 8 1114820 1120656 27 1
N 0 1120657 1179024 63 1
N 8 1120657 1126493 32 1
N 12 1120657 1173187 56 1
N 12 1120657 1173187 60 1
N 12 1120657 1173187 63 1
N 1 1132330 1144003 68 1
N 1 1144004 1202371 63 1
N 8 1144004 1149840 32 1
N 8 1149840 1155676 32 1
N 2 1155677 1167350 68 1
N 2 1167351 1225718 63 1
N 8 1167351 1173187 29 1
N 8 1173188 1179024 32 1
N 4 1179024 1272412 58 1
N 4 1179024 1272412 61 1
N 4 1179024 1272412 65 1
N 7 1179024 1272412 65 0.629921
N 7 1179024 1272412 61 0.629921
N 8 1179024 1184860 34 1
N 0 1190698 1196534 58 1
N 8 1190698 1196534 34 1
N 8 1196535 1202371 34 1
N 0 1202371 1214044 58 1
N 8 1208208 1214044 37 1
N 0 1214045 1225718 60 1
N 8 1214045 1219881 36 1
N 0 1225718 1231554 61 1
N 8 1225718 1231554 32 1
N 0 1237392 1243228 58 1
N 8 1237392 1243228 34 1
N 0 1249065 1260738 61 1
N 0 1260739 1272412 63 1
N 8 1260739 1266575 29 1
N 8 1266576 1272412 34 1
N 4 1272412 1365800 60 1
N 4 1272412 1365800 63 1
N 4 1272412 1365800 56 1
N 7 1272412 1365800 60 0.629921
N 7 1272412 1365800 63 0.629921
N 8 1272412 1278248 34 1
N 0 1284086 1295759 60 1
N 8 1284086 1289922 32 1
N 8 1289923 1295759 34 1
N 0 1295759 1307432 58 1
N 8 1301596 1307432 37 1
N 0 1307433 1359963 56 1
N 8 1307433 1313269 36 1
N 8 1354127 1359963 29 1
N 8 1359964 1365800 34 1
N 4 1365800 1459188 61 1
N 4 1365800 1459188 58 1
N 4 1365800 1459188 65 1
N 7 1365800 1459188 65 0.629921
N 7 1365800 1459188 61 0.629921
N 8 1365800 1371636 34 1
N 10 1365800 1459188 68 1
N 10 1365800 1459188 80 1
N 0 1377474 1389147 58 1
N 8 1377474 1383310 32 1
N 11 1377474 1470862 68 1
N 11 1377474 1470862 80 1
N 8 1383311 1389147 34 1
N 0 1389147 1400820 58 1
N 8 1394984 1400820 37 1
N 0 1400821 1412494 60 1
N 8 1400821 1406657 36 1
N 0 1412495 1418331 61 1
N 8 1412495 1418331 32 1
N 0 1424168 1435841 58 1
N 8 1424168 1430004 34 1
N 0 1435842 1447515 56 1
N 8 1447515 1453351 34 1
N 8 1453352 1459188 34 1
N 0 1459189 1470862 63 1
N 8 1459189 1465025 27 1
N 12 1459189 1482536 65 1
N 12 1459189 1482536 58 1
N 12 1459189 1482536 61 1
N 0 1470862 1482535 63 1
N 8 1470862 1476698 27 1
N 10 1470862 1482535 65 1
N 10 1470862 1482535 77 1
N 8 1476699 1482535 27 1
N 0 1482536 1494209 63 1
N 11 1482536 1494209 65 1
N 11 1482536 1494209 77 1
N 8 1488372 1494208 27 1
N 0 1494209 1505882 65 1
N 8 1494209 1500045 32 1
N 10 1494209 1505882 63 1
N 10 1494209 1505882 75 1
N 12 1494209 1546739 63 1
N 12 1494209 1546739 56 1
N 12 1494209 1546739 60 1
N 0 1505883 1529230 63 1
N 11 1505883 1517556 63 1
N 11 1505883 1517556 75 1
N 15 1505883 1511719 60 0.503937
N 15 1511719 1517555 60 0.503937
N 8 1517556 1523392 32 1
N 10 1517556 1529229 73 1
N 10 1517556 1529229 61 1
N 15 1517556 1523392 60 0.503937
N 8 1523393 1529229 32 1
N 15 1523393 1529229 60 0.503937
N 11 1529230 1540903 73 1
N 11 1529230 1540903 61 1
N 8 1540903 1546739 29 1
N 10 1540903 1564250 70 1
N 10 1540903 1564250 58 1
N 8 1546740 1552576 32 1
N 0 1552577 1610944 61 1
N 8 1552577 1558413 34 1
N 11 1552577 1575924 70 1
N 11 1552577 1575924 58 1
N 12 1552577 1634291 63 0.755906
N 12 1552577 1634291 70 0.755906
N 12 1552577 1634291 66 0.755906
N 8 1564250 1570086 34 1
N 8 1570087 1575923 34 1
N 8 1581760 1587596 37 1
N 8 1587597 1593433 36 1
N 8 1599271 1605107 32 1
N 0 1610944 1616780 63 1
N 8 1610944 1616780 34 1
N 0 1622618 1634291 65 1
N 0 1634291 1640127 61 1
N 8 1634291 1640127 29 1
N 8 1640128 1645964 34 1
N 0 1645965 1657638 63 1
N 8 1645965 1651801 34 1
N 12 1645965 1727679 60 0.755906
N 12 1645965 1727679 68 0.755906
N 12 1645965 1727679 63 0.755906
N 0 1657638 1669311 63 1
N 8 1657638 1663474 32 1
N 8 1663475 1669311 34 1
N 0 1669312 1680985 63 1
N 8 1675149 1680985 37 1
N 0 1680985 1692658 65 1
N 8 1680985 1686821 36 1
N 0 1692659 1716006 63 1
N 0 1716006 1745189 56 1
N 8 1727679 1733515 29 1
N 8 1733516 1739352 34 1
N 8 1739353 1745189 34 1
N 12 1739353 1821067 63 0.755906
N 12 1739353 1821067 70 0.755906
N 12 1739353 1821067 66 0.755906
N 8 1751026 1756862 32 1
N 8 1756863 1762699 34 1
N 8 1768537 1774373 37 1
N 8 1774373 1780209 36 1
N 0 1786047 1797720 58 1
N 8 1786047 1791883 32 1
N 0 1797720 1809393 60 1
N 8 1797720 1803556 34 1
N 0 1809394 1821067 61 1
N 0 1821067 1832740 58 1
N 8 1821067 1826903 29 1
N 8 1826904 1832740 34 1
N 8 1832741 1838577 34 1
N 12 1832741 1838577 66 0.755906
N 12 1832741 1838577 70 0.755906
N 12 1832741 1838577 63 0.755906
N 0 1844414 1856087 63 1
N 8 1844414 1850250 32 1
N 8 1850251 1856087 34 1
N 12 1850251 1856087 63 0.755906
N 12 1850251 1856087 66 0.755906
N 12 1850251 1856087 70 0.755906
N 0 1856088 1861924 65 1
N 8 1861925 1867761 37 1
N 0 1867762 1885272 63 1
N 8 1867762 1873598 36 1
N 12 1867762 1891109 68 0.755906
N 12 1867762 1891109 60 0.755906
N 12 1867762 1891109 63 0.755906
N 15 1867762 1873598 60 0.755906
N 15 1873598 1879434 60 0.755906
N 15 1879435 1885271 60 0.755906
N 15 1885272 1891108 60 0.755906
N 1 1891109 1908619 63 1
N 10 1891109 1895000 68 1
N 10 1891109 1895000 80 1
N 15 1891109 1896945 60 0.755906
N 10 1896945 1900836 68 0.755906
N 10 1896945 1900836 80 0.755906
N 15 1896945 1902781 60 0.755906
N 0 1902782 1908618 56 1
N 10 1902782 1906673 70 1
N 10 1902782 1906673 82 1
N 11 1902782 1906673 68 1
N 11 1902782 1906673 80 1
N 15 1902782 1908618 60 0.755906
N 0 1908619 1914455 58 1
N 10 1908619 1912510 85 1
N 10 1908619 1912510 73 1
N 11 1908619 1912510 68 0.755906
N 11 1908619 1912510 80 0.755906
N 15 1908619 1914455 60 0.755906
N 0 1914456 1920292 61 1
N 2 1914456 1931966 63 1
N 8 1914456 1920292 29 1
N 11 1914456 1918347 70 1
N 11 1914456 1918347 82 1
N 15 1914456 1920292 60 0.755906
N 0 1920292 1926128 58 1
N 8 1920292 1926128 32 1
N 10 1920292 1924183 85 1
N 10 1920292 1924183 73 1
N 11 1920292 1924183 85 1
N 11 1920292 1924183 73 1
N 15 1920292 1926128 60 0.755906
N 0 1926129 1937802 65 1
N 3 1926129 1937802 73 1
N 3 1926129 1937802 65 1
N 3 1926129 1937802 68 1
N 4 1926129 1961149 61 1
N 4 1926129 1961149 54 1
N 4 1926129 1961149 58 1
N 5 1926129 1961149 73 1
N 5 1926129 1961149 85 1
N 6 1926129 1961149 61 1
N 6 1926129 1961149 58 1
N 7 1926129 2019517 68 1
N 8 1926129 1931965 27 1
N 11 1931966 1935857 85 1
N 11 1931966 1935857 73 1
N 8 1937803 1943639 27 1
N 0 1943639 1961149 65 1
N 3 1943639 1961149 68 1
N 3 1943639 1961149 73 1
N 3 1943639 1961149 65 1
N 8 1943639 1949475 27 1
N 8 1955313 1961149 36 1
N 0 1961150 1984497 63 1
N 3 1961150 1972823 63 1
N 3 1961150 1972823 68 1
N 3 1961150 1972823 72 1
N 4 1961150 2019517 60 1
N 4 1961150 2019517 56 1
N 4 1961150 2019517 63 1
N 5 1961150 1996170 75 1
N 5 1961150 1996170 87 1
N 6 1961150 1996170 60 1
N 6 1961150 1996170 63 1
N 8 1961150 1966986 34 1
N 8 1972823 1978659 32 1
N 8 1984497 1990333 32 1
N 0 1996170 2002006 56 1
N 5 1996170 2019517 68 0.755906
N 5 1996170 2019517 80 0.755906
N 6 1996170 2019517 56 0.755906
N 6 1996170 2019517 51 0.755906
N 0 2002007 2007843 58 1
N 0 2007844 2013680 60 1
N 8 2007844 2013680 27 1
N 0 2013680 2019516 58 1
N 8 2013680 2019516 32 1
N 0 2019517 2031190 63 1
N 3 2019517 2031190 68 1
N 3 2019517 2031190 72 1
N 3 2019517 2031190 63 1
N 4 2019517 2054537 56 1
N 4 2019517 2054537 60 1
N 4 2019517 2054537 63 1
N 5 2019517 2054537 75 1
N 5 2019517 2054537 87 1
N 6 2019517 2054537 60 1
N 6 2019517 2054537 63 1
N 7 2019517 2089558 68 1
N 8 2019517 2025353 29 1
N 8 2031191 2037027 29 1
N 0 2037027 2054537 63 1
N 3 2037027 2054537 63 1
N 3 2037027 2054537 72 1
N 3 2037027 2054537 68 1
N 8 2037027 2042863 29 1
N 8 2048701 2054537 36 1
N 0 2054538 2077885 61 1
N 3 2054538 2077885 65 1
N 3 2054538 2077885 61 1
N 3 2054538 2077885 70 1
N 4 2054538 2112905 53 1
N 4 2054538 2112905 61 1
N 4 2054538 2112905 58 1
N 5 2054538 2089558 77 1
N 5 2054538 2089558 89 1
N 6 2054538 2089558 61 1
N 6 2054538 2089558 65 1
N 8 2054538 2060374 34 1
N 8 2077885 2083721 34 1
N 8 2083721 2089557 34 1
N 0 2089558 2095394 56 1
N 5 2089558 2095394 92 1
N 5 2089558 2095394 80 1
N 0 2095395 2101231 58 1
N 5 2095395 2101231 90 1
N 5 2095395 2101231 78 1
N 8 2095395 2101231 36 1
N 0 2101232 2107068 61 1
N 5 2101232 2107068 89 1
N 5 2101232 2107068 77 1
N 0 2107069 2112905 58 1
N 5 2107069 2112905 85 1
N 5 2107069 2112905 73 1
N 8 2107069 2112905 34 1
N 0 2112905 2136252 61 1
N 4 2112905 2147925 58 1
N 4 2112905 2147925 61 1
N 4 2112905 2147925 54 1
N 5 2112905 2147925 73 1
N 5 2112905 2147925 85 1
N 6 2112905 2147925 61 1
N 6 2112905 2147925 58 1
N 8 2112905 2118741 27 1
N 8 2124579 2130415 27 1
N 8 2130416 2136252 27 1
N 0 2136252 2147925 63 1
N 8 2142089 2147925 36 1
N 0 2147926 2171273 58 1
N 4 2147926 2206293 63 1
N 4 2147926 2206293 60 1
N 4 2147926 2206293 56 1
N 5 2147926 2182946 75 1
N 5 2147926 2182946 87 1
N 6 2147926 2182946 60 1
N 6 2147926 2182946 63 1
N 8 2147926 2153762 34 1
N 8 2159599 2165435 32 1
N 0 2171273 2182946 56 1
N 8 2171273 2177109 32 1
N 5 2182946 2252987 80 0.755906
N 5 2182946 2252987 68 0.755906
N 6 2182946 2252987 56 0.755906
N 6 2182946 2252987 51 0.755906
N 0 2194620 2206293 56 1
N 3 2194620 2206293 68 1
N 3 2194620 2206293 60 1
N 3 2194620 2206293 63 1
N 8 2194620 2200456 32 1
N 8 2200457 2206293 32 1
N 0 2206293 2217966 63 1
N 3 2206293 2217966 63 1
N 3 2206293 2217966 68 1
N 3 2206293 2217966 72 1
N 4 2206293 2241313 56 1
N 4 2206293 2241313 60 1
N 4 2206293 2241313 63 1
N 8 2206293 2212129 29 1
N 8 2217967 2223803 29 1
N 8 2223804 2229640 29 1
N 0 2229640 2252987 61 1
N 3 2229640 2264660 73 1
N 3 2229640 2264660 65 1
N 3 2229640 2264660 68 1
N 8 2235477 2241313 36 1
N 4 2241314 2299681 53 1
N 4 2241314 2299681 61 1
N 4 2241314 2299681 58 1
N 8 2241314 2247150 34 1
N 8 2264661 2270497 32 1
N 10 2264661 2268552 68 1
N 10 2264661 2268552 80 1
N 10 2270498 2274389 80 0.755906
N 10 2270498 2274389 68 0.755906
N 0 2276334 2282170 56 1
N 5 2276334 2282170 80 1
N 5 2276334 2282170 92 1
N 8 2276334 2282170 34 1
N 10 2276334 2280225 82 1
N 10 2276334 2280225 70 1
N 11 2276334 2280225 68 1
N 11 2276334 2280225 80 1
N 0 2282171 2288007 58 1
N 5 2282171 2288007 90 1
N 5 2282171 2288007 78 1
N 8 2282171 2288007 32 1
N 10 2282171 2286062 73 1
N 10 2282171 2286062 85 1
N 11 2282171 2286062 80 0.755906
N 11 2282171 2286062 68 0.755906
N 0 2288008 2293844 61 1
N 5 2288008 2293844 89 1
N 5 2288008 2293844 77 1
N 11 2288008 2291899 82 1
N 11 2288008 2291899 70 1
N 0 2293845 2299681 58 1
N 5 2293845 2299681 85 1
N 5 2293845 2299681 73 1
N 8 2293845 2299681 37 1
N 10 2293845 2297736 73 1
N 10 2293845 2297736 85 1
N 11 2293845 2297736 73 1
N 11 2293845 2297736 85 1
N 0 2299681 2311354 65 1
N 3 2299681 2311354 68 1
N 3 2299681 2311354 73 1
N 3 2299681 2311354 65 1
N 4 2299681 2334701 58 1
N 4 2299681 2334701 61 1
N 4 2299681 2334701 54 1
N 5 2299681 2334701 85 1
N 5 2299681 2334701 73 1
N 6 2299681 2334701 61 1
N 6 2299681 2334701 58 1
N 7 2299681 2393069 68 1
N 8 2299681 2305517 27 1
N 11 2305518 2309409 73 1
N 11 2305518 2309409 85 1
N 8 2311355 2317191 27 1
N 0 2317192 2328865 65 1
N 3 2317192 2328865 65 1
N 3 2317192 2328865 68 1
N 3 2317192 2328865 73 1
N 8 2317192 2323028 27 1
N 8 2328865 2334701 36 1
N 0 2334702 2358049 63 1
N 3 2334702 2358049 72 1
N 3 2334702 2358049 63 1
N 3 2334702 2358049 68 1
N 4 2334702 2393069 63 1
N 4 2334702 2393069 60 1
N 4 2334702 2393069 56 1
N 5 2334702 2369722 87 1
N 5 2334702 2369722 75 1
N 6 2334702 2369722 60 1
N 6 2334702 2369722 63 1
N 8 2334702 2340538 34 1
N 8 2346376 2352212 32 1
N 8 2358049 2363885 32 1
N 0 2369723 2375559 56 1
N 5 2369723 2393070 80 0.755906
N 5 2369723 2393070 68 0.755906
N 6 2369723 2393070 56 0.755906
N 6 2369723 2393070 51 0.755906
N 0 2375559 2381395 58 1
N 0 2381396 2387232 60 1
N 8 2381396 2387232 27 1
N 0 2387233 2393069 58 1
N 8 2387233 2393069 32 1
N 0 2393070 2416417 68 1
N 3 2393070 2416417 68 1
N 3 2393070 2416417 72 1
N 3 2393070 2416417 63 1
N 4 2393070 2428090 56 1
N 4 2393070 2428090 60 1
N 4 2393070 2428090 63 1
N 5 2393070 2428090 75 1
N 5 2393070 2428090 87 1
N 6 2393070 2428090 63 1
N 6 2393070 2428090 60 1
N 7 2393070 2463111 68 1
N 8 2393070 2398906 29 1
N 8 2404743 2410579 29 1
N 8 2410580 2416416 29 1
N 0 2416417 2428090 60 1
N 3 2416417 2428090 63 1
N 3 2416417 2428090 72 1
N 3 2416417 2428090 68 1
N 8 2422253 2428089 36 1
N 0 2428090 2457273 61 1
N 3 2428090 2457273 65 1
N 3 2428090 2457273 61 1
N 3 2428090 2457273 70 1
N 4 2428090 2486457 53 1
N 4 2428090 2486457 61 1
N 4 2428090 2486457 58 1
N 5 2428090 2463110 77 1
N 5 2428090 2463110 89 1
N 6 2428090 2463110 65 1
N 6 2428090 2463110 61 1
N 8 2428090 2433926 34 1
N 8 2451437 2457273 34 1
N 8 2457274 2463110 34 1
N 0 2463111 2468947 56 1
N 5 2463111 2468947 92 1
N 5 2463111 2468947 80 1
N 0 2468947 2474783 58 1
N 5 2468947 2474783 90 1
N 5 2468947 2474783 78 1
N 8 2468947 2474783 36 1
N 0 2474784 2480620 61 1
N 5 2474784 2480620 89 1
N 5 2474784 2480620 77 1
N 0 2480621 2486457 58 1
N 5 2480621 2486457 85 1
N 5 2480621 2486457 73 1
N 8 2480621 2486457 34 1
N 0 2486458 2509805 61 1
N 4 2486458 2521478 61 1
N 4 2486458 2521478 54 1
N 4 2486458 2521478 58 1
N 5 2486458 2521478 85 1
N 5 2486458 2521478 73 1
N 6 2486458 2521478 58 1
N 6 2486458 2521478 61 1
N 8 2486458 2492294 27 1
N 8 2498131 2503967 27 1
N 8 2503968 2509804 27 1
N 0 2509805 2521478 63 1
N 8 2515641 2521477 36 1
N 0 2521478 2556498 58 1
N 4 2521478 2568172 60 1
N 4 2521478 2568172 56 1
N 4 2521478 2568172 63 1
N 5 2521478 2556498 87 1
N 5 2521478 2556498 75 1
N 6 2521478 2556498 63 1
N 6 2521478 2556498 60 1
N 8 2521478 2527314 34 1
N 8 2533152 2538988 32 1
N 8 2544825 2550661 32 1
N 5 2556499 2626540 68 0.755906
N 5 2556499 2626540 80 0.755906
N 6 2556499 2626540 56 0.755906
N 6 2556499 2626540 51 0.755906
N 0 2568172 2579845 56 1
N 4 2568172 2591519 63 1
N 4 2568172 2591519 56 1
N 4 2568172 2591519 60 1
N 8 2568172 2574008 32 1
N 8 2574009 2579845 32 1
N 0 2579846 2603193 61 1
N 3 2579846 2597356 72 1
N 3 2579846 2597356 63 1
N 3 2579846 2597356 68 1
N 8 2579846 2585682 29 1
N 4 2591519 2603192 53 1
N 4 2591519 2603192 56 1
N 4 2591519 2603192 61 1
N 8 2591519 2597355 29 1
N 8 2597356 2603192 29 1
N 0 2603193 2626540 61 1
N 3 2603193 2649887 68 1
N 3 2603193 2649887 73 1
N 3 2603193 2649887 65 1
N 4 2603193 2673234 61 1
N 4 2603193 2673234 56 1
N 4 2603193 2673234 53 1
N 8 2609030 2614866 36 1
N 8 2614866 2620702 34 1
N 10 2626540 2630431 73 1
N 10 2626540 2630431 85 1
N 15 2626540 2632376 60 0.755906
N 10 2632377 2636268 85 1
N 10 2632377 2636268 73 1
N 15 2632377 2638213 60 0.755906
N 8 2638213 2644049 32 1
N 11 2638213 2642104 73 1
N 11 2638213 2642104 85 1
N 15 2638213 2644049 60 0.755906
N 11 2644050 2647941 85 1
N 11 2644050 2647941 73 1
N 15 2644050 2649886 60 0.755906
N 8 2649887 2655723 34 1
N 10 2649887 2653778 73 1
N 10 2649887 2653778 85 1
N 8 2655724 2661560 32 1
N 10 2655724 2659615 73 1
N 10 2655724 2659615 85 1
N 11 2661560 2665451 73 1
N 11 2661560 2665451 85 1
N 8 2667397 2673233 37 1
N 10 2667397 2671288 73 1
N 10 2667397 2671288 85 1
N 11 2667397 2671288 73 1
N 11 2667397 2671288 85 1
N 4 2673234 2766622 58 1
N 4 2673234 2766622 61 1
N 4 2673234 2766622 65 1
N 7 2673234 2766622 65 0.629921
N 7 2673234 2766622 61 0.629921
N 8 2673234 2679070 34 1
N 11 2679071 2682962 73 1
N 11 2679071 2682962 85 1
N 0 2684907 2696580 60 1
N 8 2684907 2690743 34 1
N 8 2690744 2696580 34 1
N 0 2696581 2708254 61 1
N 8 2702418 2708254 37 1
N 0 2708254 2714090 58 1
N 8 2708254 2714090 36 1
N 0 2719928 2731601 61 1
N 8 2719928 2725764 32 1
N 0 2731601 2749111 63 1
N 8 2731601 2737437 34 1
N 8 2754948 2760784 29 1
N 8 2760785 2766621 34 1
N 4 2766622 2860010 56 1
N 4 2766622 2860010 60 1
N 4 2766622 2860010 63 1
N 7 2766622 2860010 63 0.629921
N 7 2766622 2860010 60 0.629921
N 8 2766622 2772458 34 1
N 0 2778295 2784131 60 1
N 8 2778295 2784131 32 1
N 8 2784132 2789968 34 1
N 0 2789969 2801642 58 1
N 8 2795806 2801642 37 1
N 0 2801643 2848337 56 1
N 8 2801643 2807479 36 1
N 1 2824990 2871684 56 1
N 2 2848337 2895031 56 1
N 8 2848337 2854173 29 1
N 8 2854173 2860009 34 1
N 4 2860010 2953398 58 1
N 4 2860010 2953398 65 1
N 4 2860010 2953398 61 1
N 7 2860010 2953398 61 0.629921
N 7 2860010 2953398 65 0.629921
N 8 2860010 2865846 34 1
N 0 2871684 2883357 58 1
N 8 2871684 2877520 32 1
N 8 2877520 2883356 34 1
N 0 2883357 2889193 58 1
N 8 2889194 2895030 37 1
N 0 2895031 2906704 60 1
N 8 2895031 2900867 36 1
N 0 2906704 2912540 61 1
N 8 2906704 2912540 32 1
N 0 2918378 2930051 58 1
N 8 2918378 2924214 34 1
N 0 2930051 2947561 56 1
N 8 2941725 2947561 34 1
N 8 2947561 2953397 34 1
N 8 2953398 2959234 27 1
N 12 2953398 2976745 65 1
N 12 2953398 2976745 58 1
N 12 2953398 2976745 61 1
N 0 2965072 2976745 68 1
N 8 2965072 2970908 27 1
N 8 2970908 2976744 27 1
N 0 2976745 2982581 68 1
N 8 2982582 2988418 27 1
N 0 2988419 3005929 63 1
N 8 2988419 2994255 32 1
N 12 2988419 3040949 63 1
N 12 2988419 3040949 56 1
N 12 2988419 3040949 60 1
N 0 3011766 3017602 65 1
N 1 3011766 3029276 63 1
N 8 3011766 3017602 32 1
N 8 3017602 3023438 32 1
N 0 3023439 3035112 63 1
N 0 3035113 3046786 61 1
N 1 3035113 3040949 65 1
N 2 3035113 3052623 63 1
N 8 3035113 3040949 29 1
N 8 3040950 3046786 32 1
N 1 3046786 3058459 63 1
N 4 3046786 3140174 65 1
N 4 3046786 3140174 58 1
N 4 3046786 3140174 61 1
N 7 3046786 3140174 61 0.629921
N 7 3046786 3140174 65 0.629921
N 8 3046786 3052622 34 1
N 0 3058460 3064296 60 1
N 1 3058460 3070133 61 1
N 2 3058460 3064296 65 1
N 8 3058460 3064296 34 1
N 8 3064297 3070133 34 1
N 0 3070133 3081806 61 1
N 2 3070133 3081806 63 1
N 8 3075970 3081806 37 1
N 0 3081807 3087643 58 1
N 2 3081807 3093480 61 1
N 8 3081807 3087643 36 1
N 0 3093480 3099316 61 1
N 8 3093480 3099316 32 1
N 0 3105154 3116827 58 1
N 8 3105154 3110990 34 1
N 0 3116827 3122663 61 1
N 0 3128501 3134337 63 1
N 8 3128501 3134337 29 1
N 8 3134338 3140174 34 1
N 4 3140174 3233562 56 1
N 4 3140174 3233562 60 1
N 4 3140174 3233562 63 1
N 7 3140174 3233562 63 0.629921
N 7 3140174 3233562 60 0.629921
N 8 3140174 3146010 34 1
N 0 3151848 3163521 60 1
N 8 3151848 3157684 32 1
N 8 3157685 3163521 34 1
N 0 3163521 3175194 58 1
N 8 3169358 3175194 37 1
N 0 3175195 3216052 56 1
N 8 3175195 3181031 36 1
N 1 3198542 3239399 56 1
N 2 3221889 3262746 56 1
N 8 3221889 3227725 29 1
N 8 3227726 3233562 34 1
N 4 3233562 3326950 65 1
N 4 3233562 3326950 61 1
N 4 3233562 3326950 58 1
N 7 3233562 3326950 61 0.629921
N 7 3233562 3326950 65 0.629921
N 8 3233562 3239398 34 1
N 10 3233562 3326950 80 1
N 10 3233562 3326950 68 1
N 0 3245236 3256909 58 1
N 8 3245236 3251072 32 1
N 11 3245236 3338624 68 1
N 11 3245236 3338624 80 1
N 8 3251073 3256909 34 1
N 0 3256910 3268583 58 1
N 8 3262746 3268582 37 1
N 0 3268583 3274419 60 1
N 8 3268583 3274419 36 1
N 0 3280257 3291930 61 1
N 8 3280257 3286093 32 1
N 0 3291930 3303603 58 1
N 8 3291930 3297766 34 1
N 0 3303604 3321114 56 1
N 8 3315277 3321113 34 1
N 8 3321114 3326950 34 1
N 8 3326951 3332787 27 1
N 12 3326951 3350298 61 1
N 12 3326951 3350298 65 1
N 12 3326951 3350298 58 1
N 0 3338624 3350297 63 1
N 8 3338624 3344460 27 1
N 10 3338624 3350297 77 1
N 10 3338624 3350297 65 1
N 8 3344461 3350297 27 1
N 0 3350298 3356134 65 1
N 11 3350298 3361971 65 1
N 11 3350298 3361971 77 1
N 8 3356134 3361970 27 1
N 0 3361971 3385318 65 1
N 8 3361971 3367807 32 1
N 10 3361971 3373644 75 1
N 10 3361971 3373644 63 1
N 12 3361971 3414501 60 1
N 12 3361971 3414501 63 1
N 12 3361971 3414501 56 1
N 11 3373645 3385318 63 1
N 11 3373645 3385318 75 1
N 15 3373645 3379481 60 0.503937
N 15 3379481 3385317 60 0.503937
N 0 3385318 3402828 63 1
N 1 3385318 3408665 65 1
N 8 3385318 3391154 32 1
N 10 3385318 3396991 61 1
N 10 3385318 3396991 73 1
N 15 3385318 3391154 60 0.503937
N 8 3391155 3396991 32 1
N 15 3391155 3396991 60 0.503937
N 11 3396992 3408665 73 1
N 11 3396992 3408665 61 1
N 15 3396992 3402828 60 0.503937
N 15 3402828 3408664 60 0.503937
N 1 3408665 3426175 63 1
N 2 3408665 3432012 65 1
N 8 3408665 3414501 29 1
N 10 3408665 3432012 58 1
N 10 3408665 3432012 70 1
N 15 3408665 3414501 60 0.503937
N 8 3414502 3420338 32 1
N 13 3414502 3417420 54 0.755906
N 0 3420339 3478706 61 1
N 8 3420339 3426175 34 1
N 11 3420339 3443686 70 1
N 11 3420339 3443686 58 1
N 12 3420339 3502053 66 0.755906
N 12 3420339 3502053 63 0.755906
N 12 3420339 3502053 70 0.755906
N 2 3432012 3449522 63 1
N 8 3432012 3437848 34 1
N 13 3432012 3434930 44 1
N 8 3437849 3443685 34 1
N 8 3449522 3455358 37 1
N 13 3449522 3452440 44 1
N 8 3455359 3461195 36 1
N 13 3461196 3464114 44 1
N 8 3467033 3472869 32 1
N 0 3478706 3484542 63 1
N 8 3478706 3484542 34 1
N 13 3478706 3481624 44 1
N 0 3490380 3502053 65 1
N 13 3496217 3499135 44 1
N 0 3502053 3519563 63 1
N 8 3502053 3507889 29 1
N 8 3507890 3513726 34 1
N 13 3507890 3510808 44 1
N 8 3513727 3519563 34 1
N 12 3513727 3595441 63 0.755906
N 12 3513727 3595441 60 0.755906
N 12 3513727 3595441 68 0.755906
N 0 3525400 3537073 63 1
N 8 3525400 3531236 32 1
N 13 3525400 3528318 44 1
N 8 3531237 3537073 34 1
N 0 3537074 3548747 63 1
N 8 3542911 3548747 37 1
N 13 3542911 3545829 44 1
N 0 3548747 3554583 65 1
N 8 3548747 3554583 36 1
N 13 3554584 3557502 44 1
N 0 3560421 3583768 63 1
N 13 3572094 3575012 44 1
N 0 3583768 3624625 56 1
N 13 3589605 3592523 44 1
N 8 3595441 3601277 29 1
N 8 3601278 3607114 34 1
N 13 3601278 3604196 44 1
N 8 3607115 3612951 34 1
N 12 3607115 3688829 66 0.755906
N 12 3607115 3688829 63 0.755906
N 12 3607115 3688829 70 0.755906
N 8 3618788 3624624 32 1
N 13 3618788 3621706 44 1
N 8 3624625 3630461 34 1
N 8 3636299 3642135 37 1
N 13 3636299 3639217 44 1
N 0 3642135 3647971 56 1
N 8 3642135 3647971 36 1
N 13 3647972 3650890 44 1
N 0 3653809 3665482 58 1
N 8 3653809 3659645 32 1
N 0 3665482 3677155 60 1
N 8 3665482 3671318 34 1
N 13 3665482 3668400 44 1
N 0 3677156 3688829 61 1
N 13 3682993 3685911 44 1
N 0 3688829 3700502 58 1
N 8 3688829 3694665 29 1
N 8 3694666 3700502 34 1
N 13 3694666 3697584 44 1
N 8 3700503 3706339 34 1
N 12 3700503 3706339 63 0.755906
N 12 3700503 3706339 66 0.755906
N 12 3700503 3706339 70 0.755906
N 0 3712176 3723849 63 1
N 8 3712176 3718012 32 1
N 13 3712176 3715094 44 1
N 8 3718013 3723849 34 1
N 12 3718013 3723849 70 0.755906
N 12 3718013 3723849 63 0.755906
N 12 3718013 3723849 66 0.755906
N 0 3723850 3735523 65 1
N 8 3729687 3735523 37 1
N 13 3729687 3732605 44 1
N 0 3735524 3753034 63 1
N 8 3735524 3741360 36 1
N 12 3735524 3758871 63 0.755906
N 12 3735524 3758871 68 0.755906
N 12 3735524 3758871 60 0.755906
N 13 3741360 3744278 44 1
N 15 3747197 3753033 60 0.755906
N 15 3753034 3758870 60 0.755906
N 10 3758871 3762762 80 1
N 10 3758871 3762762 68 1
N 13 3758871 3761789 56 0.755906
N 15 3758871 3764707 60 0.755906
N 10 3764707 3768598 80 0.755906
N 10 3764707 3768598 68 0.755906
N 15 3764707 3770543 60 0.755906
N 0 3770544 3776380 56 1
N 10 3770544 3774435 82 1
N 10 3770544 3774435 70 1
N 11 3770544 3774435 80 1
N 11 3770544 3774435 68 1
N 13 3770544 3773462 58 0.755906
N 15 3770544 3776380 60 0.755906
N 0 3776381 3782217 58 1
N 10 3776381 3780272 73 1
N 10 3776381 3780272 85 1
N 11 3776381 3780272 80 0.755906
N 11 3776381 3780272 68 0.755906
N 13 3776381 3779299 61 0.755906
N 15 3776381 3782217 60 0.755906
N 0 3782218 3788054 61 1
N 8 3782218 3788054 29 1
N 11 3782218 3786109 82 1
N 11 3782218 3786109 70 1
N 15 3782218 3788054 60 0.755906
N 0 3788054 3793890 58 1
N 8 3788054 3793890 32 1
N 10 3788054 3791945 73 1
N 10 3788054 3791945 85 1
N 11 3788054 3791945 73 1
N 11 3788054 3791945 85 1
N 13 3788054 3790972 54 0.755906
N 0 3793891 3805564 65 1
N 3 3793891 3805564 73 1
N 3 3793891 3805564 65 1
N 3 3793891 3805564 68 1
N 4 3793891 3828911 61 1
N 4 3793891 3828911 54 1
N 4 3793891 3828911 58 1
N 5 3793891 3828911 73 1
N 5 3793891 3828911 85 1
N 6 3793891 3828911 61 1
N 6 3793891 3828911 58 1
N 7 3793891 3887279 68 1
N 8 3793891 3799727 27 1
N 13 3793891 3796809 53 0.755906
N 11 3799728 3803619 73 1
N 11 3799728 3803619 85 1
N 8 3805565 3811401 27 1
N 0 3811401 3828911 65 1
N 3 3811401 3828911 68 1
N 3 3811401 3828911 73 1
N 3 3811401 3828911 65 1
N 8 3811401 3817237 27 1
N 8 3823075 3828911 36 1
N 0 3828912 3852259 63 1
N 3 3828912 3840585 63 1
N 3 3828912 3840585 68 1
N 3 3828912 3840585 72 1
N 4 3828912 3887279 60 1
N 4 3828912 3887279 56 1
N 4 3828912 3887279 63 1
N 5 3828912 3863932 87 1
N 5 3828912 3863932 75 1
N 6 3828912 3863932 60 1
N 6 3828912 3863932 63 1
N 8 3828912 3834748 34 1
N 8 3840585 3846421 32 1
N 8 3852259 3858095 32 1
N 0 3863932 3869768 56 1
N 5 3863932 3887279 80 0.755906
N 5 3863932 3887279 68 0.755906
N 6 3863932 3887279 56 0.755906
N 6 3863932 3887279 51 0.755906
N 0 3869769 3875605 58 1
N 0 3875606 3881442 60 1
N 8 3875606 3881442 27 1
N 0 3881442 3887278 58 1
N 8 3881442 3887278 32 1
N 0 3887279 3898952 63 1
N 3 3887279 3898952 68 1
N 3 3887279 3898952 72 1
N 3 3887279 3898952 63 1
N 4 3887279 3922299 56 1
N 4 3887279 3922299 60 1
N 4 3887279 3922299 63 1
N 5 3887279 3922299 75 1
N 5 3887279 3922299 87 1
N 6 3887279 3922299 63 1
N 6 3887279 3922299 60 1
N 7 3887279 3957320 68 1
N 8 3887279 3893115 29 1
N 8 3898953 3904789 29 1
N 0 3904789 3922299 63 1
N 3 3904789 3922299 63 1
N 3 3904789 3922299 72 1
N 3 3904789 3922299 68 1
N 8 3904789 3910625 29 1
N 8 3916463 3922299 36 1
N 0 3922300 3945647 61 1
N 3 3922300 3945647 65 1
N 3 3922300 3945647 61 1
N 3 3922300 3945647 70 1
N 4 3922300 3980667 53 1
N 4 3922300 3980667 61 1
N 4 3922300 3980667 58 1
N 5 3922300 3957320 77 1
N 5 3922300 3957320 89 1
N 6 3922300 3957320 65 1
N 6 3922300 3957320 61 1
N 8 3922300 3928136 34 1
N 8 3945647 3951483 34 1
N 8 3951483 3957319 34 1
N 0 3957320 3963156 56 1
N 5 3957320 3963156 92 1
N 5 3957320 3963156 80 1
N 0 3963157 3968993 58 1
N 5 3963157 3968993 90 1
N 5 3963157 3968993 78 1
N 8 3963157 3968993 36 1
N 0 3968994 3974830 61 1
N 5 3968994 3974830 89 1
N 5 3968994 3974830 77 1
N 0 3974831 3980667 58 1
N 5 3974831 3980667 85 1
N 5 3974831 3980667 73 1
N 8 3974831 3980667 34 1
N 0 3980667 4004014 61 1
N 4 3980667 4015687 58 1
N 4 3980667 4015687 61 1
N 4 3980667 4015687 54 1
N 5 3980667 4015687 85 1
N 5 3980667 4015687 73 1
N 6 3980667 4015687 61 1
N 6 3980667 4015687 58 1
N 8 3980667 3986503 27 1
N 8 3992341 3998177 27 1
N 8 3998178 4004014 27 1
N 0 4004014 4015687 63 1
N 8 4009851 4015687 36 1
N 0 4015688 4039035 58 1
N 4 4015688 4074055 63 1
N 4 4015688 4074055 60 1
N 4 4015688 4074055 56 1
N 5 4015688 4050708 87 1
N 5 4015688 4050708 75 1
N 6 4015688 4050708 60 1
N 6 4015688 4050708 63 1
N 8 4015688 4021524 34 1
N 8 4027361 4033197 32 1
N 0 4039035 4050708 56 1
N 8 4039035 4044871 32 1
N 5 4050708 4120749 68 0.755906
N 5 4050708 4120749 80 0.755906
N 6 4050708 4120749 56 0.755906
N 6 4050708 4120749 51 0.755906
N 0 4062382 4074055 56 1
N 3 4062382 4074055 68 1
N 3 4062382 4074055 60 1
N 3 4062382 4074055 63 1
N 8 4062382 4068218 32 1
N 8 4068219 4074055 32 1
N 0 4074055 4085728 63 1
N 3 4074055 4085728 63 1
N 3 4074055 4085728 68 1
N 3 4074055 4085728 72 1
N 4 4074055 4109075 56 1
N 4 4074055 4109075 60 1
N 4 4074055 4109075 63 1
N 8 4074055 4079891 29 1
N 8 4085729 4091565 29 1
N 8 4091566 4097402 29 1
N 0 4097402 4120749 61 1
N 3 4097402 4132422 73 1
N 3 4097402 4132422 65 1
N 3 4097402 4132422 68 1
N 8 4103239 4109075 36 1
N 4 4109076 4167443 53 1
N 4 4109076 4167443 61 1
N 4 4109076 4167443 58 1
N 8 4109076 4114912 34 1
N 15 4120749 4126585 60 0.503937
N 15 4126586 4132422 60 0.503937
N 8 4132423 4138259 32 1
N 10 4132423 4136314 68 1
N 10 4132423 4136314 80 1
N 15 4132423 4138259 60 0.503937
N 10 4138260 4142151 80 0.755906
N 10 4138260 4142151 68 0.755906
N 15 4138260 4144096 60 0.503937
N 0 4144096 4149932 56 1
N 5 4144096 4149932 80 1
N 5 4144096 4149932 92 1
N 8 4144096 4149932 34 1
N 10 4144096 4147987 82 1
N 10 4144096 4147987 70 1
N 11 4144096 4147987 68 1
N 11 4144096 4147987 80 1
N 15 4144096 4149932 60 0.503937
N 0 4149933 4155769 58 1
N 5 4149933 4155769 90 1
N 5 4149933 4155769 78 1
N 8 4149933 4155769 32 1
N 10 4149933 4153824 73 1
N 10 4149933 4153824 85 1
N 11 4149933 4153824 80 0.755906
N 11 4149933 4153824 68 0.755906
N 0 4155770 4161606 61 1
N 5 4155770 4161606 89 1
N 5 4155770 4161606 77 1
N 11 4155770 4159661 82 1
N 11 4155770 4159661 70 1
N 0 4161607 4167443 58 1
N 5 4161607 4167443 85 1
N 5 4161607 4167443 73 1
N 8 4161607 4167443 37 1
N 10 4161607 4165498 73 1
N 10 4161607 4165498 85 1
N 11 4161607 4165498 73 1
N 11 4161607 4165498 85 1
N 0 4167443 4179116 65 1
N 3 4167443 4179116 68 1
N 3 4167443 4179116 73 1
N 3 4167443 4179116 65 1
N 4 4167443 4202463 58 1
N 4 4167443 4202463 61 1
N 4 4167443 4202463 54 1
N 5 4167443 4202463 73 1
N 5 4167443 4202463 85 1
N 6 4167443 4202463 61 1
N 6 4167443 4202463 58 1
N 7 4167443 4260831 68 1
N 8 4167443 4173279 27 1
N 11 4173280 4177171 73 1
N 11 4173280 4177171 85 1
N 8 4179117 4184953 27 1
N 0 4184954 4196627 65 1
N 3 4184954 4196627 65 1
N 3 4184954 4196627 68 1
N 3 4184954 4196627 73 1
N 8 4184954 4190790 27 1
N 8 4196627 4202463 36 1
N 0 4202464 4225811 63 1
N 3 4202464 4225811 72 1
N 3 4202464 4225811 63 1
N 3 4202464 4225811 68 1
N 4 4202464 4260831 63 1
N 4 4202464 4260831 60 1
N 4 4202464 4260831 56 1
N 5 4202464 4237484 75 1
N 5 4202464 4237484 87 1
N 6 4202464 4237484 60 1
N 6 4202464 4237484 63 1
N 8 4202464 4208300 34 1
N 8 4214138 4219974 32 1
N 8 4225811 4231647 32 1
N 0 4237485 4243321 56 1
N 5 4237485 4260832 68 0.755906
N 5 4237485 4260832 80 0.755906
N 6 4237485 4260832 56 0.755906
N 6 4237485 4260832 51 0.755906
N 0 4243321 4249157 58 1
N 0 4249158 4254994 60 1
N 8 4249158 4254994 27 1
N 0 4254995 4260831 58 1
N 8 4254995 4260831 32 1
N 0 4260832 4284179 68 1
N 3 4260832 4284179 68 1
N 3 4260832 4284179 72 1
N 3 4260832 4284179 63 1
N 4 4260832 4295852 56 1
N 4 4260832 4295852 60 1
N 4 4260832 4295852 63 1
N 5 4260832 4295852 75 1
N 5 4260832 4295852 87 1
N 6 4260832 4295852 60 1
N 6 4260832 4295852 63 1
N 7 4260832 4330873 68 1
N 8 4260832 4266668 29 1
N 8 4272505 4278341 29 1
N 8 4278342 4284178 29 1
N 0 4284179 4295852 60 1
N 3 4284179 4295852 63 1
N 3 4284179 4295852 72 1
N 3 4284179 4295852 68 1
N 8 4290015 4295851 36 1
N 0 4295852 4325035 61 1
N 3 4295852 4325035 65 1
N 3 4295852 4325035 61 1
N 3 4295852 4325035 70 1
N 4 4295852 4354219 53 1
N 4 4295852 4354219 61 1
N 4 4295852 4354219 58 1
N 5 4295852 4330872 77 1
N 5 4295852 4330872 89 1
N 6 4295852 4330872 61 1
N 6 4295852 4330872 65 1
N 8 4295852 4301688 34 1
N 8 4319199 4325035 34 1
N 8 4325036 4330872 34 1
N 0 4330873 4336709 56 1
N 5 4330873 4336709 92 1
N 5 4330873 4336709 80 1
N 0 4336709 4342545 58 1
N 5 4336709 4342545 90 1
N 5 4336709 4342545 78 1
N 8 4336709 4342545 36 1
N 0 4342546 4348382 61 1
N 5 4342546 4348382 89 1
N 5 4342546 4348382 77 1
N 0 4348383 4354219 58 1
N 5 4348383 4354219 85 1
N 5 4348383 4354219 73 1
N 8 4348383 4354219 34 1
N 0 4354220 4377567 61 1
N 4 4354220 4389240 61 1
N 4 4354220 4389240 54 1
N 4 4354220 4389240 58 1
N 5 4354220 4389240 73 1
N 5 4354220 4389240 85 1
N 6 4354220 4389240 58 1
N 6 4354220 4389240 61 1
N 8 4354220 4360056 27 1
N 8 4365893 4371729 27 1
N 8 4371730 4377566 27 1
N 0 4377567 4389240 63 1
N 8 4383403 4389239 36 1
N 0 4389240 4424260 58 1
N 4 4389240 4435934 60 1
N 4 4389240 4435934 56 1
N 4 4389240 4435934 63 1
N 5 4389240 4424260 75 1
N 5 4389240 4424260 87 1
N 6 4389240 4424260 63 1
N 6 4389240 4424260 60 1
N 8 4389240 4395076 34 1
N 8 4400914 4406750 32 1
N 8 4412587 4418423 32 1
N 5 4424261 4494302 80 0.755906
N 5 4424261 4494302 68 0.755906
N 6 4424261 4494302 56 0.755906
N 6 4424261 4494302 51 0.755906
N 0 4435934 4447607 56 1
N 4 4435934 4459281 63 1
N 4 4435934 4459281 56 1
N 4 4435934 4459281 60 1
N 8 4435934 4441770 32 1
N 8 4441771 4447607 32 1
N 0 4447608 4470955 61 1
N 3 4447608 4465118 72 1
N 3 4447608 4465118 63 1
N 3 4447608 4465118 68 1
N 8 4447608 4453444 29 1
N 4 4459281 4470954 53 1
N 4 4459281 4470954 56 1
N 4 4459281 4470954 61 1
N 8 4459281 4465117 29 1
N 8 4465118 4470954 29 1
N 0 4470955 4494302 61 1
N 3 4470955 4517649 68 1
N 3 4470955 4517649 73 1
N 3 4470955 4517649 65 1
N 4 4470955 4540996 61 1
N 4 4470955 4540996 56 1
N 4 4470955 4540996 53 1
N 8 4476792 4482628 36 1
N 8 4482628 4488464 34 1
N 15 4482628 4488464 60 0.503937
N 15 4488465 4494301 60 0.503937
N 10 4494302 4498193 85 1
N 10 4494302 4498193 73 1
N 15 4494302 4500138 60 0.503937
N 10 4500139 4504030 73 1
N 10 4500139 4504030 85 1
N 15 4500139 4505975 60 0.503937
N 8 4505975 4511811 32 1
N 11 4505975 4509866 85 1
N 11 4505975 4509866 73 1
N 15 4505975 4511811 60 0.503937
N 11 4511812 4515703 73 1
N 11 4511812 4515703 85 1
N 13 4511812 4514730 56 0.755906
N 15 4511812 4517648 60 0.503937
N 0 4517649 4523485 56 1
N 8 4517649 4523485 34 1
N 10 4517649 4521540 73 1
N 10 4517649 4521540 85 1
N 13 4517649 4520567 61 0.755906
N 15 4517649 4523485 60 0.755906
N 0 4523486 4529322 58 1
N 8 4523486 4529322 32 1
N 10 4523486 4527377 73 1
N 10 4523486 4527377 85 1
N 13 4523486 4526404 61 0.503937
N 15 4523486 4529322 60 0.755906
N 0 4529322 4535158 61 1
N 11 4529322 4533213 73 1
N 11 4529322 4533213 85 1
N 15 4529322 4535158 60 0.755906
N 0 4535159 4540995 58 1
N 8 4535159 4540995 37 1
N 10 4535159 4539050 73 1
N 10 4535159 4539050 85 1
N 11 4535159 4539050 73 1
N 11 4535159 4539050 85 1
N 13 4535159 4538077 54 0.755906
N 15 4535159 4540995 60 0.755906
N 0 4540996 4552669 65 1
N 3 4540996 4552669 68 1
N 3 4540996 4552669 73 1
N 3 4540996 4552669 65 1
N 4 4540996 4576016 61 1
N 4 4540996 4576016 54 1
N 4 4540996 4576016 58 1
N 5 4540996 4576016 85 1
N 5 4540996 4576016 73 1
N 6 4540996 4576016 61 1
N 6 4540996 4576016 58 1
N 7 4540996 4634384 68 1
N 8 4540996 4546832 27 1
N 15 4540996 4546832 60 0.755906
N 11 4546833 4550724 73 1
N 11 4546833 4550724 85 1
N 8 4552669 4558505 27 1
N 0 4558506 4576016 65 1
N 3 4558506 4576016 65 1
N 3 4558506 4576016 68 1
N 3 4558506 4576016 73 1
N 8 4558506 4564342 27 1
N 8 4570180 4576016 36 1
N 0 4576016 4599363 63 1
N 3 4576016 4587689 72 1
N 3 4576016 4587689 63 1
N 3 4576016 4587689 68 1
N 4 4576016 4634383 60 1
N 4 4576016 4634383 56 1
N 4 4576016 4634383 63 1
N 5 4576016 4611036 87 1
N 5 4576016 4611036 75 1
N 6 4576016 4611036 60 1
N 6 4576016 4611036 63 1
N 8 4576016 4581852 34 1
N 8 4587690 4593526 32 1
N 8 4599363 4605199 32 1
N 0 4611037 4616873 56 1
N 5 4611037 4634384 80 0.755906
N 5 4611037 4634384 68 0.755906
N 6 4611037 4634384 56 0.755906
N 6 4611037 4634384 51 0.755906
N 0 4616874 4622710 58 1
N 0 4622710 4628546 60 1
N 8 4622710 4628546 27 1
N 0 4628547 4634383 58 1
N 8 4628547 4634383 32 1
N 0 4634384 4646057 63 1
N 3 4634384 4646057 63 1
N 3 4634384 4646057 68 1
N 3 4634384 4646057 72 1
N 4 4634384 4669404 56 1
N 4 4634384 4669404 60 1
N 4 4634384 4669404 63 1
N 5 4634384 4669404 87 1
N 5 4634384 4669404 75 1
N 6 4634384 4669404 60 1
N 6 4634384 4669404 63 1
N 7 4634384 4704425 68 1
N 8 4634384 4640220 29 1
N 8 4646057 4651893 29 1
N 0 4651894 4669404 63 1
N 3 4651894 4669404 68 1
N 3 4651894 4669404 63 1
N 3 4651894 4669404 72 1
N 8 4651894 4657730 29 1
N 8 4663568 4669404 36 1
N 0 4669405 4692752 61 1
N 3 4669405 4692752 70 1
N 3 4669405 4692752 65 1
N 3 4669405 4692752 61 1
N 4 4669405 4727772 53 1
N 4 4669405 4727772 61 1
N 4 4669405 4727772 58 1
N 5 4669405 4704425 89 1
N 5 4669405 4704425 77 1
N 6 4669405 4704425 61 1
N 6 4669405 4704425 65 1
N 8 4669405 4675241 34 1
N 8 4692752 4698588 34 1
N 8 4698588 4704424 34 1
N 0 4704425 4710261 56 1
N 5 4704425 4710261 80 1
N 5 4704425 4710261 92 1
N 0 4710262 4716098 58 1
N 5 4710262 4716098 78 1
N 5 4710262 4716098 90 1
N 8 4710262 4716098 36 1
N 0 4716099 4721935 61 1
N 5 4716099 4721935 77 1
N 5 4716099 4721935 89 1
N 0 4721935 4727771 58 1
N 5 4721935 4727771 73 1
N 5 4721935 4727771 85 1
N 8 4721935 4727771 34 1
N 0 4727772 4751119 61 1
N 4 4727772 4762792 58 1
N 4 4727772 4762792 61 1
N 4 4727772 4762792 54 1
N 5 4727772 4762792 85 1
N 5 4727772 4762792 73 1
N 6 4727772 4762792 61 1
N 6 4727772 4762792 58 1
N 8 4727772 4733608 27 1
N 8 4739446 4745282 27 1
N 8 4745282 4751118 27 1
N 0 4751119 4762792 63 1
N 8 4756956 4762792 36 1
N 0 4762793 4786140 58 1
N 4 4762793 4821160 63 1
N 4 4762793 4821160 60 1
N 4 4762793 4821160 56 1
N 5 4762793 4797813 87 1
N 5 4762793 4797813 75 1
N 6 4762793 4797813 60 1
N 6 4762793 4797813 63 1
N 8 4762793 4768629 34 1
N 8 4774466 4780302 32 1
N 0 4786140 4797813 56 1
N 8 4786140 4791976 32 1
N 5 4797813 4867854 68 0.755906
N 5 4797813 4867854 80 0.755906
N 6 4797813 4867854 56 0.755906
N 6 4797813 4867854 51 0.755906
N 0 4809487 4821160 56 1
N 3 4809487 4821160 63 1
N 3 4809487 4821160 68 1
N 3 4809487 4821160 60 1
N 8 4809487 4815323 32 1
N 8 4815323 4821159 32 1
N 0 4821160 4832833 63 1
N 3 4821160 4832833 72 1
N 3 4821160 4832833 63 1
N 3 4821160 4832833 68 1
N 4 4821160 4856180 56 1
N 4 4821160 4856180 60 1
N 4 4821160 4856180 63 1
N 8 4821160 4826996 29 1
N 8 4832834 4838670 29 1
N 8 4838670 4844506 29 1
N 0 4844507 4867854 61 1
N 3 4844507 4879527 68 1
N 3 4844507 4879527 73 1
N 3 4844507 4879527 65 1
N 8 4850344 4856180 36 1
N 4 4856181 4914548 53 1
N 4 4856181 4914548 61 1
N 4 4856181 4914548 58 1
N 8 4856181 4862017 34 1
N 15 4867854 4873690 60 0.503937
N 15 4873691 4879527 60 0.503937
N 8 4879528 4885364 32 1
N 10 4879528 4883419 80 1
N 10 4879528 4883419 68 1
N 15 4879528 4885364 60 0.503937
N 10 4885365 4889256 68 0.755906
N 10 4885365 4889256 80 0.755906
N 15 4885365 4891201 60 0.503937
N 0 4891201 4897037 56 1
N 5 4891201 4897037 92 1
N 5 4891201 4897037 80 1
N 8 4891201 4897037 34 1
N 10 4891201 4895092 70 1
N 10 4891201 4895092 82 1
N 11 4891201 4895092 80 1
N 11 4891201 4895092 68 1
N 0 4897038 4902874 58 1
N 5 4897038 4902874 78 1
N 5 4897038 4902874 90 1
N 8 4897038 4902874 32 1
N 10 4897038 4900929 85 1
N 10 4897038 4900929 73 1
N 11 4897038 4900929 68 0.755906
N 11 4897038 4900929 80 0.755906
N 0 4902875 4908711 61 1
N 5 4902875 4908711 77 1
N 5 4902875 4908711 89 1
N 11 4902875 4906766 70 1
N 11 4902875 4906766 82 1
N 0 4908712 4914548 58 1
N 5 4908712 4914548 73 1
N 5 4908712 4914548 85 1
N 8 4908712 4914548 37 1
N 10 4908712 4912603 85 1
N 10 4908712 4912603 73 1
N 11 4908712 4912603 85 1
N 11 4908712 4912603 73 1
N 0 4914548 4926221 65 1
N 3 4914548 4926221 65 1
N 3 4914548 4926221 68 1
N 3 4914548 4926221 73 1
N 4 4914548 4949568 58 1
N 4 4914548 4949568 61 1
N 4 4914548 4949568 54 1
N 5 4914548 4949568 73 1
N 5 4914548 4949568 85 1
N 6 4914548 4949568 61 1
N 6 4914548 4949568 58 1
N 7 4914548 5007936 68 1
N 8 4914548 4920384 27 1
N 11 4920385 4924276 85 1
N 11 4920385 4924276 73 1
N 8 4926222 4932058 27 1
N 0 4932059 4943732 65 1
N 3 4932059 4943732 73 1
N 3 4932059 4943732 65 1
N 3 4932059 4943732 68 1
N 8 4932059 4937895 27 1
N 8 4943732 4949568 36 1
N 0 4949569 4972916 63 1
N 3 4949569 4972916 68 1
N 3 4949569 4972916 72 1
N 3 4949569 4972916 63 1
N 4 4949569 5007936 63 1
N 4 4949569 5007936 60 1
N 4 4949569 5007936 56 1
N 5 4949569 4984589 75 1
N 5 4949569 4984589 87 1
N 6 4949569 4984589 60 1
N 6 4949569 4984589 63 1
N 8 4949569 4955405 34 1
N 8 4961242 4967078 32 1
N 8 4972916 4978752 32 1
N 0 4984589 4990425 56 1
N 5 4984589 5007936 68 0.755906
N 5 4984589 5007936 80 0.755906
N 6 4984589 5007936 56 0.755906
N 6 4984589 5007936 51 0.755906
N 0 4990426 4996262 58 1
N 0 4996263 5002099 60 1
N 8 4996263 5002099 27 1
N 0 5002100 5007936 58 1
N 8 5002100 5007936 32 1
N 0 5007936 5031283 68 1
N 3 5007936 5031283 63 1
N 3 5007936 5031283 68 1
N 3 5007936 5031283 72 1
N 4 5007936 5042956 56 1
N 4 5007936 5042956 60 1
N 4 5007936 5042956 63 1
N 5 5007936 5042956 87 1
N 5 5007936 5042956 75 1
N 6 5007936 5042956 63 1
N 6 5007936 5042956 60 1
N 7 5007936 5077977 68 1
N 8 5007936 5013772 29 1
N 8 5019610 5025446 29 1
N 8 5025447 5031283 29 1
N 0 5031283 5042956 60 1
N 3 5031283 5042956 68 1
N 3 5031283 5042956 63 1
N 3 5031283 5042956 72 1
N 8 5037120 5042956 36 1
N 0 5042957 5072140 61 1
N 3 5042957 5072140 70 1
N 3 5042957 5072140 65 1
N 3 5042957 5072140 61 1
N 4 5042957 5101324 53 1
N 4 5042957 5101324 61 1
N 4 5042957 5101324 58 1
N 5 5042957 5077977 89 1
N 5 5042957 5077977 77 1
N 6 5042957 5077977 65 1
N 6 5042957 5077977 61 1
N 8 5042957 5048793 34 1
N 8 5066304 5072140 34 1
N 8 5072141 5077977 34 1
N 0 5077977 5083813 56 1
N 5 5077977 5083813 80 1
N 5 5077977 5083813 92 1
N 0 5083814 5089650 58 1
N 5 5083814 5089650 78 1
N 5 5083814 5089650 90 1
N 8 5083814 5089650 36 1
N 0 5089651 5095487 61 1
N 5 5089651 5095487 77 1
N 5 5089651 5095487 89 1
N 0 5095488 5101324 58 1
N 5 5095488 5101324 73 1
N 5 5095488 5101324 85 1
N 8 5095488 5101324 34 1
N 0 5101324 5124671 61 1
N 4 5101324 5136344 61 1
N 4 5101324 5136344 54 1
N 4 5101324 5136344 58 1
N 5 5101324 5136344 73 1
N 5 5101324 5136344 85 1
N 6 5101324 5136344 58 1
N 6 5101324 5136344 61 1
N 8 5101324 5107160 27 1
N 8 5112998 5118834 27 1
N 8 5118835 5124671 27 1
N 0 5124672 5136345 63 1
N 8 5130508 5136344 36 1
N 0 5136345 5171365 58 1
N 4 5136345 5183039 60 1
N 4 5136345 5183039 56 1
N 4 5136345 5183039 63 1
N 5 5136345 5171365 75 1
N 5 5136345 5171365 87 1
N 6 5136345 5171365 63 1
N 6 5136345 5171365 60 1
N 8 5136345 5142181 34 1
N 8 5148019 5153855 32 1
N 8 5159692 5165528 32 1
N 5 5171366 5241407 80 0.755906
N 5 5171366 5241407 68 0.755906
N 6 5171366 5241407 56 0.755906
N 6 5171366 5241407 51 0.755906
N 0 5183039 5194712 56 1
N 4 5183039 5206386 63 1
N 4 5183039 5206386 56 1
N 4 5183039 5206386 60 1
N 8 5183039 5188875 32 1
N 8 5188876 5194712 32 1
N 0 5194713 5218060 61 1
N 3 5194713 5212223 68 1
N 3 5194713 5212223 72 1
N 3 5194713 5212223 63 1
N 8 5194713 5200549 29 1
N 4 5206386 5218059 53 1
N 4 5206386 5218059 56 1
N 4 5206386 5218059 61 1
N 8 5206386 5212222 29 1
N 8 5212223 5218059 29 1
N 0 5218060 5241407 61 1
N 3 5218060 5264754 65 1
N 3 5218060 5264754 68 1
N 3 5218060 5264754 73 1
N 4 5218060 5288101 61 1
N 4 5218060 5288101 56 1
N 4 5218060 5288101 53 1
N 8 5223896 5229732 36 1
N 8 5229733 5235569 34 1
N 15 5229733 5235569 60 0.503937
N 15 5235570 5241406 60 0.503937
N 10 5241407 5245298 85 1
N 10 5241407 5245298 73 1
N 15 5241407 5247243 60 0.503937
N 10 5247243 5251134 73 1
N 10 5247243 5251134 85 1
N 15 5247243 5253079 60 0.503937
N 8 5253080 5258916 32 1
N 11 5253080 5256971 85 1
N 11 5253080 5256971 73 1
N 15 5253080 5258916 60 0.503937
N 11 5258917 5262808 73 1
N 11 5258917 5262808 85 1
N 13 5258917 5261835 56 0.755906
N 15 5258917 5264753 60 0.503937
N 7 5264754 5288101 56 1
N 8 5264754 5270590 34 1
N 10 5264754 5268645 85 1
N 10 5264754 5268645 73 1
N 13 5264754 5267672 61 0.755906
N 15 5264754 5270590 60 0.503937
N 8 5270590 5276426 32 1
N 10 5270590 5274481 85 1
N 10 5270590 5274481 73 1
N 13 5270590 5273508 61 0.755906
N 15 5270590 5276426 60 0.503937
N 11 5276427 5280318 85 1
N 11 5276427 5280318 73 1
N 13 5276427 5279345 56 0.503937
N 15 5276427 5282263 60 0.503937
N 8 5282264 5288100 37 1
N 10 5282264 5286155 85 1
N 10 5282264 5286155 73 1
N 11 5282264 5286155 85 1
N 11 5282264 5286155 73 1
N 15 5282264 5288100 60 0.503937
N 7 5288101 5381489 68 1
N 8 5288101 5293937 39 1
N 14 5288101 5299774 61 1
N 14 5288101 5299774 70 1
N 14 5288101 5299774 65 1
N 11 5293937 5297828 85 1
N 11 5293937 5297828 73 1
N 8 5299774 5305610 37 1
N 8 5305611 5311447 39 1
N 14 5305611 5311447 61 1
N 14 5305611 5311447 70 1
N 14 5305611 5311447 65 1
N 8 5317284 5323120 42 1
N 8 5323121 5328957 41 1
N 14 5323121 5328957 61 1
N 14 5323121 5328957 70 1
N 14 5323121 5328957 65 1
N 8 5334795 5340631 37 1
N 14 5334795 5346468 61 1
N 14 5334795 5346468 70 1
N 14 5334795 5346468 65 1
N 13 5340631 5343549 39 0.566929
N 8 5346468 5352304 39 1
N 13 5346468 5349386 41 0.755906
N 13 5352305 5355223 41 0.377953
N 14 5352305 5358141 61 1
N 14 5352305 5358141 70 1
N 14 5352305 5358141 65 1
N 13 5358142 5361060 44 0.755906
N 13 5363979 5366897 46 0.755906
N 8 5369815 5375651 29 1
N 14 5369815 5375651 61 1
N 14 5369815 5375651 70 1
N 14 5369815 5375651 65 1
N 8 5375652 5381488 32 1
N 13 5375652 5378570 46 0.755906
N 3 5381489 5393162 68 1
N 3 5381489 5393162 73 1
N 3 5381489 5393162 65 1
N 8 5381489 5387325 34 1
N 8 5393162 5398998 32 1
N 3 5398999 5416509 65 1
N 3 5398999 5416509 68 1
N 3 5398999 5416509 73 1
N 8 5398999 5404835 34 1
N 8 5410673 5416509 37 1
N 3 5416509 5428182 72 1
N 3 5416509 5428182 63 1
N 3 5416509 5428182 68 1
N 8 5416509 5422345 36 1
N 13 5434020 5436938 46 0.377953
N 13 5439856 5442774 46 0.755906
N 13 5445693 5448611 46 0.566929
N 7 5451530 5474877 56 1
N 13 5451530 5454448 49 0.755906
N 13 5457367 5460285 51 0.755906
N 8 5463203 5469039 34 1
N 8 5469040 5474876 37 1
N 13 5469040 5471958 51 0.755906
N 7 5474877 5568265 68 1
N 8 5474877 5480713 39 1
N 14 5474877 5486550 61 1
N 14 5474877 5486550 70 1
N 14 5474877 5486550 65 1
N 8 5486550 5492386 37 1
N 8 5492387 5498223 39 1
N 14 5492387 5498223 61 1
N 14 5492387 5498223 70 1
N 14 5492387 5498223 65 1
N 8 5504061 5509897 42 1
N 8 5509897 5515733 41 1
N 14 5509897 5515733 61 1
N 14 5509897 5515733 70 1
N 14 5509897 5515733 65 1
N 8 5521571 5527407 37 1
N 14 5521571 5533244 61 1
N 14 5521571 5533244 70 1
N 14 5521571 5533244 65 1
N 13 5527408 5530326 39 0.566929
N 8 5533244 5539080 39 1
N 13 5533244 5536162 41 0.755906
N 13 5539081 5541999 41 0.377953
N 14 5539081 5544917 61 1
N 14 5539081 5544917 70 1
N 14 5539081 5544917 65 1
N 13 5544918 5547836 44 0.755906
N 13 5550755 5553673 46 0.755906
N 8 5556591 5562427 29 1
N 14 5556591 5562427 61 1
N 14 5556591 5562427 70 1
N 14 5556591 5562427 65 1
N 8 5562428 5568264 32 1
N 13 5562428 5565346 46 0.755906
N 3 5568265 5579938 68 1
N 3 5568265 5579938 73 1
N 3 5568265 5579938 65 1
N 8 5568265 5574101 34 1
N 8 5579938 5585774 32 1
N 3 5585775 5603285 65 1
N 3 5585775 5603285 68 1
N 3 5585775 5603285 73 1
N 8 5585775 5591611 34 1
N 8 5597449 5603285 37 1
N 3 5603286 5614959 72 1
N 3 5603286 5614959 63 1
N 3 5603286 5614959 68 1
N 8 5603286 5609122 36 1
N 13 5620796 5623714 46 0.377953
N 13 5626633 5629551 46 0.755906
N 13 5632469 5635387 46 0.566929
N 7 5638306 5661653 56 1
N 13 5638306 5641224 49 0.755906
N 13 5644143 5647061 51 0.755906
N 8 5649980 5655816 34 1
N 8 5655816 5661652 37 1
N 13 5655816 5658734 51 0.755906
N 7 5661653 5755041 68 1
N 8 5661653 5667489 39 1
N 14 5661653 5673326 65 1
N 14 5661653 5673326 61 1
N 14 5661653 5673326 70 1
N 0 5673327 5679163 56 1
N 8 5673327 5679163 37 1
N 0 5679163 5684999 58 1
N 8 5679163 5684999 39 1
N 14 5679163 5684999 65 1
N 14 5679163 5684999 61 1
N 14 5679163 5684999 70 1
N 0 5685000 5690836 61 1
N 0 5690837 5696673 58 1
N 8 5690837 5696673 42 1
N 0 5696674 5708347 65 1
N 8 5696674 5702510 41 1
N 14 5696674 5702510 65 1
N 14 5696674 5702510 61 1
N 14 5696674 5702510 70 1
N 0 5708347 5714183 56 1
N 8 5708347 5714183 37 1
N 14 5708347 5720020 65 1
N 14 5708347 5720020 61 1
N 14 5708347 5720020 70 1
N 0 5714184 5720020 58 1
N 13 5714184 5717102 39 0.566929
N 0 5720021 5725857 61 1
N 8 5720021 5725857 39 1
N 13 5720021 5722939 41 0.755906
N 0 5725857 5731693 58 1
N 13 5725857 5728775 41 0.377953
N 14 5725857 5731693 65 1
N 14 5725857 5731693 61 1
N 14 5725857 5731693 70 1
N 0 5731694 5743367 65 1
N 13 5731694 5734612 44 0.755906
N 13 5737531 5740449 46 0.755906
N 8 5743368 5749204 29 1
N 14 5743368 5749204 65 1
N 14 5743368 5749204 61 1
N 14 5743368 5749204 70 1
N 8 5749204 5755040 32 1
N 13 5749204 5752122 46 0.755906
N 3 5755041 5766714 65 1
N 3 5755041 5766714 68 1
N 3 5755041 5766714 73 1
N 8 5755041 5760877 34 1
N 8 5766715 5772551 32 1
N 3 5772551 5790061 73 1
N 3 5772551 5790061 65 1
N 3 5772551 5790061 68 1
N 8 5772551 5778387 34 1
N 8 5784225 5790061 37 1
N 3 5790062 5801735 68 1
N 3 5790062 5801735 72 1
N 3 5790062 5801735 63 1
N 8 5790062 5795898 36 1
N 13 5807572 5810490 46 0.377953
N 13 5813409 5816327 46 0.755906
N 13 5819246 5822164 46 0.566929
N 7 5825082 5848429 56 1
N 13 5825082 5828000 49 0.755906
N 13 5830919 5833837 51 0.755906
N 8 5836756 5842592 34 1
N 8 5842593 5848429 37 1
N 13 5842593 5845511 51 0.755906
N 7 5848429 5941817 68 1
N 8 5848429 5854265 39 1
N 14 5848429 5860102 70 1
N 14 5848429 5860102 65 1
N 14 5848429 5860102 61 1
N 0 5860103 5865939 56 1
N 8 5860103 5865939 37 1
N 0 5865940 5871776 58 1
N 8 5865940 5871776 39 1
N 14 5865940 5871776 70 1
N 14 5865940 5871776 65 1
N 14 5865940 5871776 61 1
N 0 5871776 5877612 61 1
N 0 5877613 5883449 58 1
N 8 5877613 5883449 42 1
N 0 5883450 5895123 65 1
N 8 5883450 5889286 41 1
N 14 5883450 5889286 70 1
N 14 5883450 5889286 65 1
N 14 5883450 5889286 61 1
N 0 5895123 5900959 56 1
N 8 5895123 5900959 37 1
N 14 5895123 5906796 70 1
N 14 5895123 5906796 65 1
N 14 5895123 5906796 61 1
N 0 5900960 5906796 58 1
N 13 5900960 5903878 39 0.566929
N 0 5906797 5912633 61 1
N 8 5906797 5912633 39 1
N 13 5906797 5909715 41 0.755906
N 0 5912634 5918470 58 1
N 13 5912634 5915552 41 0.377953
N 14 5912634 5918470 70 1
N 14 5912634 5918470 65 1
N 14 5912634 5918470 61 1
N 0 5918470 5930143 65 1
N 13 5918470 5921388 44 0.755906
N 13 5924307 5927225 46 0.755906
N 8 5930144 5935980 29 1
N 14 5930144 5935980 70 1
N 14 5930144 5935980 65 1
N 14 5930144 5935980 61 1
N 8 5935981 5941817 32 1
N 13 5935981 5938899 46 0.755906
N 3 5941817 5953490 73 1
N 3 5941817 5953490 65 1
N 3 5941817 5953490 68 1
N 8 5941817 5947653 34 1
N 15 5947654 5953490 60 0.755906
N 8 5953491 5959327 32 1
N 3 5959328 5976838 68 1
N 3 5959328 5976838 73 1
N 3 5959328 5976838 65 1
N 8 5959328 5965164 34 1
N 15 5965164 5971000 60 0.755906
N 8 5971001 5976837 37 1
N 3 5976838 5988511 63 1
N 3 5976838 5988511 68 1
N 3 5976838 5988511 72 1
N 8 5976838 5982674 36 1
N 15 5976838 5982674 60 0.503937
N 15 5982675 5988511 60 0.503937
N 15 5988511 5994347 60 0.503937
N 13 5994348 5997266 46 0.377953
N 15 5994348 6000184 60 0.503937
N 13 6000185 6003103 46 0.755906
N 15 6000185 6006021 60 0.503937
N 13 6006022 6008940 46 0.566929
N 15 6006022 6011858 60 0.503937
N 13 6011858 6014776 49 0.755906
N 15 6011858 6017694 60 0.503937
N 13 6017695 6020613 51 0.755906
N 15 6017695 6023531 60 0.503937
N 8 6023532 6029368 34 1
N 15 6023532 6029368 60 0.503937
N 8 6029369 6035205 37 1
N 15 6029369 6035205 60 0.503937
N 0 6046879 6058552 60 1
N 0 6058553 6070226 61 1
N 0 6070226 6076062 58 1
N 0 6081900 6093573 61 1
N 0 6093573 6111083 63 1
N 0 6140267 6146103 60 1
N 0 6151941 6163614 58 1
N 0 6163614 6210308 56 1
N 1 6186961 6233655 56 1
N 2 6210308 6257002 56 1
N 0 6233655 6245328 58 1
N 0 6245329 6251165 58 1
N 0 6257002 6268675 60 1
N 0 6268676 6274512 61 1
N 0 6280349 6292022 58 1
N 0 6292023 6309533 56 1
N 12 6315370 6338717 58 1
N 12 6315370 6338717 61 1
N 12 6315370 6338717 65 1
N 0 6327043 6338716 68 1
N 0 6338717 6344553 68 1
N 0 6350390 6367900 63 1
N 12 6350390 6402920 56 1
N 12 6350390 6402920 60 1
N 12 6350390 6402920 63 1
N 0 6373737 6379573 65 1
N 1 6373737 6391247 63 1
N 0 6385411 6397084 63 1
N 0 6397084 6408757 61 1
N 1 6397084 6402920 65 1
N 2 6397084 6414594 63 1
N 1 6408758 6420431 63 1
N 0 6420431 6426267 60 1
N 1 6420431 6432104 61 1
N 2 6420431 6426267 65 1
N 0 6432105 6443778 61 1
N 2 6432105 6443778 63 1
N 0 6443778 6449614 58 1
N 2 6443778 6455451 61 1
N 0 6455452 6461288 61 1
N 0 6467125 6478798 58 1
N 0 6478799 6484635 61 1
N 0 6490472 6496308 63 1
N 0 6513820 6525493 60 1
N 0 6525493 6537166 58 1
N 0 6537167 6578024 56 1
N 1 6560514 6601371 56 1
N 2 6583861 6624718 56 1
N 0 6607208 6618881 58 1
N 0 6618881 6630554 58 1
N 0 6630555 6636391 60 1
N 0 6642228 6653901 61 1
N 0 6653902 6665575 58 1
N 0 6665575 6683085 56 1
N 12 6688922 6712269 65 1
N 12 6688922 6712269 58 1
N 12 6688922 6712269 61 1
N 0 6700596 6712269 63 1
N 0 6712269 6718105 65 1
N 0 6723943 6747290 65 1
N 12 6723943 6776473 63 1
N 12 6723943 6776473 56 1
N 12 6723943 6776473 60 1
N 15 6735616 6741452 60 0.503937
N 15 6741453 6747289 60 0.503937
N 0 6747290 6764800 63 1
N 1 6747290 6770637 65 1
N 15 6747290 6753126 60 0.503937
N 15 6753127 6758963 60 0.503937
N 15 6758963 6764799 60 0.503937
N 15 6764800 6770636 60 0.503937
N 1 6770637 6788147 63 1
N 2 6770637 6793984 65 1
N 15 6770637 6776473 60 0.503937
N 13 6776474 6779392 54 0.755906
N 0 6782310 6840677 61 1
N 8 6782310 6788146 34 1
N 12 6782310 6864024 63 0.755906
N 12 6782310 6864024 70 0.755906
N 12 6782310 6864024 66 0.755906
N 2 6793984 6811494 63 1
N 8 6793984 6799820 34 1
N 13 6793984 6796902 44 1
N 8 6799821 6805657 34 1
N 8 6811494 6817330 37 1
N 13 6811494 6814412 44 1
N 8 6817331 6823167 36 1
N 13 6823168 6826086 44 1
N 8 6829004 6834840 32 1
N 0 6840678 6846514 63 1
N 8 6840678 6846514 34 1
N 13 6840678 6843596 44 1
N 0 6852351 6864024 65 1
N 13 6858188 6861106 44 1
N 0 6864025 6869861 61 1
N 5 6864025 6922392 87 0.503937
N 5 6864025 6922392 75 0.503937
N 8 6864025 6869861 29 1
N 8 6869862 6875698 34 1
N 13 6869862 6872780 44 1
N 0 6875698 6887371 63 1
N 8 6875698 6881534 34 1
N 12 6875698 6957412 60 0.755906
N 12 6875698 6957412 68 0.755906
N 12 6875698 6957412 63 0.755906
N 0 6887372 6899045 63 1
N 8 6887372 6893208 32 1
N 13 6887372 6890290 44 1
N 8 6893209 6899045 34 1
N 0 6899045 6910718 63 1
N 8 6904882 6910718 37 1
N 13 6904882 6907800 44 1
N 0 6910719 6922392 65 1
N 8 6910719 6916555 36 1
N 13 6916556 6919474 44 1
N 0 6922392 6945739 63 1
N 5 6922392 6963249 89 0.503937
N 5 6922392 6963249 77 0.503937
N 13 6934066 6936984 44 1
N 0 6945739 6974922 56 1
N 13 6951576 6954494 44 1
N 8 6957413 6963249 29 1
N 8 6963250 6969086 34 1
N 13 6963250 6966168 44 1
N 5 6969086 7056637 82 0.503937
N 5 6969086 7056637 70 0.503937
N 8 6969086 6974922 34 1
N 12 6969086 7050800 63 0.755906
N 12 6969086 7050800 70 0.755906
N 12 6969086 7050800 66 0.755906
N 8 6980760 6986596 32 1
N 13 6980760 6983678 44 1
N 8 6986597 6992433 34 1
N 8 6998270 7004106 37 1
N 13 6998270 7001188 44 1
N 8 7004107 7009943 36 1
N 13 7009944 7012862 44 1
N 0 7015781 7027454 58 1
N 8 7015781 7021617 32 1
N 0 7027454 7039127 60 1
N 8 7027454 7033290 34 1
N 13 7027454 7030372 44 1
N 0 7039128 7050801 61 1
N 13 7044964 7047882 44 1
N 0 7050801 7062474 58 1
N 8 7050801 7056637 29 1
N 8 7056638 7062474 34 1
N 13 7056638 7059556 44 1
N 8 7062475 7068311 34 1
N 12 7062475 7068311 66 0.755906
N 12 7062475 7068311 70 0.755906
N 12 7062475 7068311 63 0.755906
N 0 7074148 7085821 63 1
N 8 7074148 7079984 32 1
N 13 7074148 7077066 44 1
N 8 7079985 7085821 34 1
N 12 7079985 7085821 63 0.755906
N 12 7079985 7085821 66 0.755906
N 12 7079985 7085821 70 0.755906
N 0 7085822 7091658 65 1
N 8 7091658 7097494 37 1
N 13 7091658 7094576 44 1
N 0 7097495 7115005 63 1
N 8 7097495 7103331 36 1
N 12 7097495 7120842 68 0.755906
N 12 7097495 7120842 60 0.755906
N 12 7097495 7120842 63 0.755906
N 15 7097495 7103331 60 0.755906
N 13 7103332 7106250 44 1
N 15 7103332 7109168 60 0.755906
N 15 7115005 7120841 60 0.755906
N 1 7120842 7138352 63 1
N 13 7120842 7123760 56 0.755906
N 15 7120842 7126678 60 0.755906
N 15 7126679 7132515 60 0.755906
N 0 7132516 7138352 56 1
N 13 7132516 7135434 58 0.755906
N 15 7132516 7138352 60 0.755906
N 0 7138352 7144188 58 1
N 13 7138352 7141270 61 0.755906
N 15 7138352 7144188 60 0.755906
N 0 7144189 7150025 61 1
N 2 7144189 7161699 63 1
N 8 7144189 7150025 29 1
N 15 7144189 7150025 60 0.755906
N 0 7150026 7155862 58 1
N 8 7150026 7155862 32 1
N 13 7150026 7152944 54 0.755906
N 15 7150026 7155862 60 0.755906
N 0 7155863 7167536 65 1
N 3 7155863 7167536 65 1
N 3 7155863 7167536 68 1
N 3 7155863 7167536 73 1
N 4 7155863 7190883 61 1
N 4 7155863 7190883 54 1
N 4 7155863 7190883 58 1
N 5 7155863 7190883 85 1
N 5 7155863 7190883 73 1
N 6 7155863 7190883 58 1
N 6 7155863 7190883 61 1
N 7 7155863 7249251 68 1
N 8 7155863 7161699 27 1
N 13 7155863 7158781 53 0.755906
N 15 7155863 7161699 60 0.755906
N 8 7167536 7173372 27 1
N 0 7173373 7190883 65 1
N 3 7173373 7190883 73 1
N 3 7173373 7190883 65 1
N 3 7173373 7190883 68 1
N 8 7173373 7179209 27 1
N 8 7185046 7190882 36 1
N 0 7190883 7214230 63 1
N 3 7190883 7202556 68 1
N 3 7190883 7202556 72 1
N 3 7190883 7202556 63 1
N 4 7190883 7249250 60 1
N 4 7190883 7249250 56 1
N 4 7190883 7249250 63 1
N 5 7190883 7225903 87 1
N 5 7190883 7225903 75 1
N 6 7190883 7225903 63 1
N 6 7190883 7225903 60 1
N 8 7190883 7196719 34 1
N 8 7202557 7208393 32 1
N 8 7214230 7220066 32 1
N 0 7225904 7231740 56 1
N 5 7225904 7249251 80 0.755906
N 5 7225904 7249251 68 0.755906
N 6 7225904 7249251 51 0.755906
N 6 7225904 7249251 56 0.755906
N 0 7231741 7237577 58 1
N 0 7237577 7243413 60 1
N 8 7237577 7243413 27 1
N 0 7243414 7249250 58 1
N 8 7243414 7249250 32 1
N 0 7249251 7260924 63 1
N 3 7249251 7260924 72 1
N 3 7249251 7260924 63 1
N 3 7249251 7260924 68 1
N 4 7249251 7284271 63 1
N 4 7249251 7284271 56 1
N 4 7249251 7284271 60 1
N 5 7249251 7284271 87 1
N 5 7249251 7284271 75 1
N 6 7249251 7284271 60 1
N 6 7249251 7284271 63 1
N 7 7249251 7319292 68 1
N 8 7249251 7255087 29 1
N 8 7260924 7266760 29 1
N 0 7266761 7284271 63 1
N 3 7266761 7284271 72 1
N 3 7266761 7284271 68 1
N 3 7266761 7284271 63 1
N 8 7266761 7272597 29 1
N 8 7278435 7284271 36 1
N 0 7284271 7307618 61 1
N 3 7284271 7307618 61 1
N 3 7284271 7307618 70 1
N 3 7284271 7307618 65 1
N 4 7284271 7342638 58 1
N 4 7284271 7342638 53 1
N 4 7284271 7342638 61 1
N 5 7284271 7319291 89 1
N 5 7284271 7319291 77 1
N 6 7284271 7319291 61 1
N 6 7284271 7319291 65 1
N 8 7284271 7290107 34 1
N 8 7307618 7313454 34 1
N 8 7313455 7319291 34 1
N 0 7319292 7325128 56 1
N 5 7319292 7325128 80 1
N 5 7319292 7325128 92 1
N 0 7325129 7330965 58 1
N 5 7325129 7330965 78 1
N 5 7325129 7330965 90 1
N 8 7325129 7330965 36 1
N 0 7330965 7336801 61 1
N 5 7330965 7336801 77 1
N 5 7330965 7336801 89 1
N 0 7336802 7342638 58 1
N 5 7336802 7342638 73 1
N 5 7336802 7342638 85 1
N 8 7336802 7342638 34 1
N 0 7342639 7365986 61 1
N 4 7342639 7377659 61 1
N 4 7342639 7377659 54 1
N 4 7342639 7377659 58 1
N 5 7342639 7377659 85 1
N 5 7342639 7377659 73 1
N 6 7342639 7377659 58 1
N 6 7342639 7377659 61 1
N 8 7342639 7348475 27 1
N 8 7354312 7360148 27 1
N 8 7360149 7365985 27 1
N 0 7365986 7377659 63 1
N 8 7371823 7377659 36 1
N 0 7377659 7401006 58 1
N 4 7377659 7436026 60 1
N 4 7377659 7436026 56 1
N 4 7377659 7436026 63 1
N 5 7377659 7412679 87 1
N 5 7377659 7412679 75 1
N 6 7377659 7412679 63 1
N 6 7377659 7412679 60 1
N 8 7377659 7383495 34 1
N 8 7389333 7395169 32 1
N 0 7401006 7412679 56 1
N 8 7401006 7406842 32 1
N 5 7412680 7482721 68 0.755906
N 5 7412680 7482721 80 0.755906
N 6 7412680 7482721 51 0.755906
N 6 7412680 7482721 56 0.755906
N 0 7424353 7436026 56 1
N 3 7424353 7436026 60 1
N 3 7424353 7436026 63 1
N 3 7424353 7436026 68 1
N 8 7424353 7430189 32 1
N 8 7430190 7436026 32 1
N 0 7436027 7447700 63 1
N 3 7436027 7447700 68 1
N 3 7436027 7447700 72 1
N 3 7436027 7447700 63 1
N 4 7436027 7471047 56 1
N 4 7436027 7471047 60 1
N 4 7436027 7471047 63 1
N 8 7436027 7441863 29 1
N 8 7447701 7453537 29 1
N 8 7453537 7459373 29 1
N 0 7459374 7482721 61 1
N 3 7459374 7494394 65 1
N 3 7459374 7494394 68 1
N 3 7459374 7494394 73 1
N 8 7465211 7471047 36 1
N 4 7471048 7529415 53 1
N 4 7471048 7529415 61 1
N 4 7471048 7529415 58 1
N 8 7471048 7476884 34 1
N 15 7482721 7488557 60 0.503937
N 15 7488558 7494394 60 0.503937
N 8 7494395 7500231 32 1
N 10 7494395 7498286 80 1
N 10 7494395 7498286 68 1
N 15 7494395 7500231 60 0.503937
N 10 7500231 7504122 68 0.755906
N 10 7500231 7504122 80 0.755906
N 15 7500231 7506067 60 0.503937
N 0 7506068 7511904 56 1
N 5 7506068 7511904 92 1
N 5 7506068 7511904 80 1
N 8 7506068 7511904 34 1
N 10 7506068 7509959 70 1
N 10 7506068 7509959 82 1
N 11 7506068 7509959 80 1
N 11 7506068 7509959 68 1
N 13 7506068 7508986 61 0.755906
N 15 7506068 7511904 60 0.503937
N 0 7511905 7517741 58 1
N 5 7511905 7517741 78 1
N 5 7511905 7517741 90 1
N 8 7511905 7517741 32 1
N 10 7511905 7515796 85 1
N 10 7511905 7515796 73 1
N 11 7511905 7515796 68 0.755906
N 11 7511905 7515796 80 0.755906
N 13 7511905 7514823 61 0.503937
N 0 7517742 7523578 61 1
N 5 7517742 7523578 77 1
N 5 7517742 7523578 89 1
N 11 7517742 7521633 70 1
N 11 7517742 7521633 82 1
N 0 7523578 7529414 58 1
N 5 7523578 7529414 73 1
N 5 7523578 7529414 85 1
N 8 7523578 7529414 37 1
N 10 7523578 7527469 85 1
N 10 7523578 7527469 73 1
N 11 7523578 7527469 85 1
N 11 7523578 7527469 73 1
N 13 7523578 7526496 54 0.755906
N 0 7529415 7541088 65 1
N 3 7529415 7541088 73 1
N 3 7529415 7541088 65 1
N 3 7529415 7541088 68 1
N 4 7529415 7564435 54 1
N 4 7529415 7564435 58 1
N 4 7529415 7564435 61 1
N 5 7529415 7564435 73 1
N 5 7529415 7564435 85 1
N 6 7529415 7564435 58 1
N 6 7529415 7564435 61 1
N 7 7529415 7622803 68 1
N 8 7529415 7535251 27 1
N 11 7535252 7539143 85 1
N 11 7535252 7539143 73 1
N 8 7541089 7546925 27 1
N 0 7546925 7558598 65 1
N 3 7546925 7558598 68 1
N 3 7546925 7558598 73 1
N 3 7546925 7558598 65 1
N 8 7546925 7552761 27 1
N 8 7558599 7564435 36 1
N 0 7564436 7587783 63 1
N 3 7564436 7587783 63 1
N 3 7564436 7587783 68 1
N 3 7564436 7587783 72 1
N 4 7564436 7622803 56 1
N 4 7564436 7622803 63 1
N 4 7564436 7622803 60 1
N 5 7564436 7599456 75 1
N 5 7564436 7599456 87 1
N 6 7564436 7599456 63 1
N 6 7564436 7599456 60 1
N 8 7564436 7570272 34 1
N 8 7576109 7581945 32 1
N 8 7587783 7593619 32 1
N 0 7599456 7605292 56 1
N 5 7599456 7622803 68 0.755906
N 5 7599456 7622803 80 0.755906
N 6 7599456 7622803 51 0.755906
N 6 7599456 7622803 56 0.755906
N 0 7605293 7611129 58 1
N 0 7611130 7616966 60 1
N 8 7611130 7616966 27 1
N 0 7616966 7622802 58 1
N 8 7616966 7622802 32 1
N 0 7622803 7646150 68 1
N 3 7622803 7646150 72 1
N 3 7622803 7646150 63 1
N 3 7622803 7646150 68 1
N 4 7622803 7657823 56 1
N 4 7622803 7657823 60 1
N 4 7622803 7657823 63 1
N 5 7622803 7657823 87 1
N 5 7622803 7657823 75 1
N 6 7622803 7657823 60 1
N 6 7622803 7657823 63 1
N 7 7622803 7692844 68 1
N 8 7622803 7628639 29 1
N 8 7634477 7640313 29 1
N 8 7640313 7646149 29 1
N 0 7646150 7657823 60 1
N 3 7646150 7657823 72 1
N 3 7646150 7657823 68 1
N 3 7646150 7657823 63 1
N 8 7651987 7657823 36 1
N 0 7657824 7687007 61 1
N 3 7657824 7687007 61 1
N 3 7657824 7687007 70 1
N 3 7657824 7687007 65 1
N 4 7657824 7716191 53 1
N 4 7657824 7716191 61 1
N 4 7657824 7716191 58 1
N 5 7657824 7692844 89 1
N 5 7657824 7692844 77 1
N 6 7657824 7692844 61 1
N 6 7657824 7692844 65 1
N 8 7657824 7663660 34 1
N 8 7681171 7687007 34 1
N 8 7687008 7692844 34 1
N 0 7692844 7698680 56 1
N 5 7692844 7698680 80 1
N 5 7692844 7698680 92 1
N 0 7698681 7704517 58 1
N 5 7698681 7704517 78 1
N 5 7698681 7704517 90 1
N 8 7698681 7704517 36 1
N 0 7704518 7710354 61 1
N 5 7704518 7710354 77 1
N 5 7704518 7710354 89 1
N 0 7710355 7716191 58 1
N 5 7710355 7716191 73 1
N 5 7710355 7716191 85 1
N 8 7710355 7716191 34 1
N 0 7716191 7739538 61 1
N 4 7716191 7751211 54 1
N 4 7716191 7751211 58 1
N 4 7716191 7751211 61 1
N 5 7716191 7751211 73 1
N 5 7716191 7751211 85 1
N 6 7716191 7751211 61 1
N 6 7716191 7751211 58 1
N 8 7716191 7722027 27 1
N 8 7727865 7733701 27 1
N 8 7733702 7739538 27 1
N 0 7739538 7751211 63 1
N 8 7745375 7751211 36 1
N 0 7751212 7786232 58 1
N 4 7751212 7797906 56 1
N 4 7751212 7797906 63 1
N 4 7751212 7797906 60 1
N 5 7751212 7786232 75 1
N 5 7751212 7786232 87 1
N 6 7751212 7786232 60 1
N 6 7751212 7786232 63 1
N 8 7751212 7757048 34 1
N 8 7762885 7768721 32 1
N 8 7774559 7780395 32 1
N 5 7786232 7856273 80 0.755906
N 5 7786232 7856273 68 0.755906
N 6 7786232 7856273 51 0.755906
N 6 7786232 7856273 56 0.755906
N 0 7797906 7809579 56 1
N 4 7797906 7821253 56 1
N 4 7797906 7821253 60 1
N 4 7797906 7821253 63 1
N 8 7797906 7803742 32 1
N 8 7803743 7809579 32 1
N 0 7809579 7832926 61 1
N 3 7809579 7827089 63 1
N 3 7809579 7827089 68 1
N 3 7809579 7827089 72 1
N 8 7809579 7815415 29 1
N 4 7821253 7832926 61 1
N 4 7821253 7832926 53 1
N 4 7821253 7832926 56 1
N 8 7821253 7827089 29 1
N 15 7821253 7827089 60 0.503937
N 8 7827090 7832926 29 1
N 0 7832926 7856273 61 1
N 3 7832926 7879620 73 1
N 3 7832926 7879620 65 1
N 3 7832926 7879620 68 1
N 4 7832926 7902967 53 1
N 4 7832926 7902967 61 1
N 4 7832926 7902967 56 1
N 8 7838763 7844599 36 1
N 8 7844600 7850436 34 1
N 15 7844600 7850436 60 0.503937
N 10 7856273 7860164 85 1
N 10 7856273 7860164 73 1
N 10 7862110 7866001 73 1
N 10 7862110 7866001 85 1
N 8 7867947 7873783 32 1
N 11 7867947 7871838 85 1
N 11 7867947 7871838 73 1
N 15 7867947 7873783 60 0.503937
N 11 7873784 7877675 73 1
N 11 7873784 7877675 85 1
N 13 7873784 7876702 56 0.755906
N 15 7873784 7879620 60 0.503937
N 0 7879620 7885456 56 1
N 8 7879620 7885456 34 1
N 10 7879620 7883511 85 1
N 10 7879620 7883511 73 1
N 13 7879620 7882538 61 0.755906
N 15 7879620 7885456 60 0.503937
N 0 7885457 7891293 58 1
N 8 7885457 7891293 32 1
N 10 7885457 7889348 85 1
N 10 7885457 7889348 73 1
N 13 7885457 7888375 61 0.503937
N 0 7891294 7897130 61 1
N 11 7891294 7895185 85 1
N 11 7891294 7895185 73 1
N 0 7897131 7902967 58 1
N 8 7897131 7902967 37 1
N 10 7897131 7901022 85 1
N 10 7897131 7901022 73 1
N 11 7897131 7901022 85 1
N 11 7897131 7901022 73 1
N 13 7897131 7900049 54 0.755906
N 15 7897131 7902967 60 0.503937
N 0 7902967 7914640 65 1
N 3 7902967 7914640 73 1
N 3 7902967 7914640 65 1
N 3 7902967 7914640 68 1
N 4 7902967 7937987 54 1
N 4 7902967 7937987 58 1
N 4 7902967 7937987 61 1
N 5 7902967 7937987 85 1
N 5 7902967 7937987 73 1
N 6 7902967 7937987 61 1
N 6 7902967 7937987 58 1
N 7 7902967 7996355 68 1
N 8 7902967 7908803 27 1
N 15 7902967 7908803 60 0.503937
N 11 7908804 7912695 85 1
N 11 7908804 7912695 73 1
N 8 7914641 7920477 27 1
N 0 7920478 7937988 65 1
N 3 7920478 7937988 68 1
N 3 7920478 7937988 73 1
N 3 7920478 7937988 65 1
N 8 7920478 7926314 27 1
N 8 7932151 7937987 36 1
N 0 7937988 7961335 63 1
N 3 7937988 7949661 63 1
N 3 7937988 7949661 68 1
N 3 7937988 7949661 72 1
N 4 7937988 7996355 56 1
N 4 7937988 7996355 63 1
N 4 7937988 7996355 60 1
N 5 7937988 7973008 87 1
N 5 7937988 7973008 75 1
N 6 7937988 7973008 60 1
N 6 7937988 7973008 63 1
N 8 7937988 7943824 34 1
N 8 7949662 7955498 32 1
N 8 7961335 7967171 32 1
N 0 7973009 7978845 56 1
N 5 7973009 7996356 80 0.755906
N 5 7973009 7996356 68 0.755906
N 6 7973009 7996356 56 0.755906
N 6 7973009 7996356 51 0.755906
N 0 7978845 7984681 58 1
N 0 7984682 7990518 60 1
N 8 7984682 7990518 27 1
N 0 7990519 7996355 58 1
N 8 7990519 7996355 32 1
N 0 7996356 8008029 63 1
N 3 7996356 8008029 68 1
N 3 7996356 8008029 72 1
N 3 7996356 8008029 63 1
N 4 7996356 8031376 56 1
N 4 7996356 8031376 60 1
N 4 7996356 8031376 63 1
N 5 7996356 8031376 75 1
N 5 7996356 8031376 87 1
N 6 7996356 8031376 63 1
N 6 7996356 8031376 60 1
N 7 7996356 8066397 68 1
N 8 7996356 8002192 29 1
N 8 8008029 8013865 29 1
N 0 8013866 8031376 63 1
N 3 8013866 8031376 63 1
N 3 8013866 8031376 72 1
N 3 8013866 8031376 68 1
N 8 8013866 8019702 29 1
N 8 8025539 8031375 36 1
N 0 8031376 8054723 61 1
N 3 8031376 8054723 65 1
N 3 8031376 8054723 61 1
N 3 8031376 8054723 70 1
N 4 8031376 8089743 53 1
N 4 8031376 8089743 61 1
N 4 8031376 8089743 58 1
N 5 8031376 8066396 77 1
N 5 8031376 8066396 89 1
N 6 8031376 8066396 65 1
N 6 8031376 8066396 61 1
N 8 8031376 8037212 34 1
N 8 8054723 8060559 34 1
N 8 8060560 8066396 34 1
N 0 8066397 8072233 56 1
N 5 8066397 8072233 92 1
N 5 8066397 8072233 80 1
N 0 8072233 8078069 58 1
N 5 8072233 8078069 90 1
N 5 8072233 8078069 78 1
N 8 8072233 8078069 36 1
N 0 8078070 8083906 61 1
N 5 8078070 8083906 89 1
N 5 8078070 8083906 77 1
N 0 8083907 8089743 58 1
N 5 8083907 8089743 85 1
N 5 8083907 8089743 73 1
N 8 8083907 8089743 34 1
N 0 8089744 8113091 61 1
N 4 8089744 8124764 54 1
N 4 8089744 8124764 58 1
N 4 8089744 8124764 61 1
N 5 8089744 8124764 85 1
N 5 8089744 8124764 73 1
N 6 8089744 8124764 61 1
N 6 8089744 8124764 58 1
N 8 8089744 8095580 27 1
N 8 8101417 8107253 27 1
N 8 8107254 8113090 27 1
N 0 8113091 8124764 63 1
N 8 8118927 8124763 36 1
N 0 8124764 8148111 58 1
N 4 8124764 8183131 56 1
N 4 8124764 8183131 63 1
N 4 8124764 8183131 60 1
N 5 8124764 8159784 87 1
N 5 8124764 8159784 75 1
N 6 8124764 8159784 60 1
N 6 8124764 8159784 63 1
N 8 8124764 8130600 34 1
N 8 8136438 8142274 32 1
N 0 8148111 8159784 56 1
N 8 8148111 8153947 32 1
N 5 8159785 8229826 68 0.755906
N 5 8159785 8229826 80 0.755906
N 6 8159785 8229826 56 0.755906
N 6 8159785 8229826 51 0.755906
N 0 8171458 8183131 56 1
N 3 8171458 8183131 68 1
N 3 8171458 8183131 60 1
N 3 8171458 8183131 63 1
N 8 8171458 8177294 32 1
N 8 8177295 8183131 32 1
N 0 8183132 8194805 63 1
N 3 8183132 8194805 63 1
N 3 8183132 8194805 68 1
N 3 8183132 8194805 72 1
N 4 8183132 8218152 60 1
N 4 8183132 8218152 63 1
N 4 8183132 8218152 56 1
N 8 8183132 8188968 29 1
N 8 8194805 8200641 29 1
N 8 8200642 8206478 29 1
N 0 8206479 8229826 61 1
N 3 8206479 8241499 73 1
N 3 8206479 8241499 65 1
N 3 8206479 8241499 68 1
N 8 8212316 8218152 36 1
N 4 8218152 8276519 61 1
N 4 8218152 8276519 58 1
N 4 8218152 8276519 53 1
N 8 8218152 8223988 34 1
N 15 8229826 8235662 60 0.503937
N 15 8235663 8241499 60 0.503937
N 8 8241499 8247335 32 1
N 10 8241499 8245390 80 1
N 10 8241499 8245390 68 1
N 15 8241499 8247335 60 0.503937
N 10 8247336 8251227 68 0.755906
N 10 8247336 8251227 80 0.755906
N 15 8247336 8253172 60 0.503937
N 0 8253173 8259009 56 1
N 5 8253173 8259009 80 1
N 5 8253173 8259009 92 1
N 8 8253173 8259009 34 1
N 10 8253173 8257064 70 1
N 10 8253173 8257064 82 1
N 11 8253173 8257064 80 1
N 11 8253173 8257064 68 1
N 13 8253173 8256091 61 0.755906
N 0 8259010 8264846 58 1
N 5 8259010 8264846 90 1
N 5 8259010 8264846 78 1
N 8 8259010 8264846 32 1
N 10 8259010 8262901 85 1
N 10 8259010 8262901 73 1
N 11 8259010 8262901 68 0.755906
N 11 8259010 8262901 80 0.755906
N 13 8259010 8261928 61 0.503937
N 0 8264846 8270682 61 1
N 5 8264846 8270682 89 1
N 5 8264846 8270682 77 1
N 11 8264846 8268737 70 1
N 11 8264846 8268737 82 1
N 0 8270683 8276519 58 1
N 5 8270683 8276519 85 1
N 5 8270683 8276519 73 1
N 8 8270683 8276519 37 1
N 10 8270683 8274574 85 1
N 10 8270683 8274574 73 1
N 11 8270683 8274574 85 1
N 11 8270683 8274574 73 1
N 13 8270683 8273601 54 0.755906
N 0 8276520 8288193 65 1
N 3 8276520 8288193 68 1
N 3 8276520 8288193 73 1
N 3 8276520 8288193 65 1
N 4 8276520 8311540 58 1
N 4 8276520 8311540 61 1
N 4 8276520 8311540 54 1
N 5 8276520 8311540 73 1
N 5 8276520 8311540 85 1
N 6 8276520 8311540 61 1
N 6 8276520 8311540 58 1
N 7 8276520 8369908 68 1
N 8 8276520 8282356 27 1
N 11 8282357 8286248 85 1
N 11 8282357 8286248 73 1
N 8 8288193 8294029 27 1
N 0 8294030 8305703 65 1
N 3 8294030 8305703 65 1
N 3 8294030 8305703 68 1
N 3 8294030 8305703 73 1
N 8 8294030 8299866 27 1
N 8 8305704 8311540 36 1
N 0 8311540 8334887 63 1
N 3 8311540 8334887 72 1
N 3 8311540 8334887 63 1
N 3 8311540 8334887 68 1
N 4 8311540 8369907 63 1
N 4 8311540 8369907 60 1
N 4 8311540 8369907 56 1
N 5 8311540 8346560 75 1
N 5 8311540 8346560 87 1
N 6 8311540 8346560 60 1
N 6 8311540 8346560 63 1
N 8 8311540 8317376 34 1
N 8 8323214 8329050 32 1
N 8 8334887 8340723 32 1
N 0 8346561 8352397 56 1
N 5 8346561 8369908 68 0.755906
N 5 8346561 8369908 80 0.755906
N 6 8346561 8369908 56 0.755906
N 6 8346561 8369908 51 0.755906
N 0 8352398 8358234 58 1
N 0 8358234 8364070 60 1
N 8 8358234 8364070 27 1
N 0 8364071 8369907 58 1
N 8 8364071 8369907 32 1
N 0 8369908 8393255 68 1
N 3 8369908 8393255 68 1
N 3 8369908 8393255 72 1
N 3 8369908 8393255 63 1
N 4 8369908 8404928 63 1
N 4 8369908 8404928 56 1
N 4 8369908 8404928 60 1
N 5 8369908 8404928 75 1
N 5 8369908 8404928 87 1
N 6 8369908 8404928 63 1
N 6 8369908 8404928 60 1
N 7 8369908 8439949 68 1
N 8 8369908 8375744 29 1
N 8 8381582 8387418 29 1
N 8 8387418 8393254 29 1
N 0 8393255 8404928 60 1
N 3 8393255 8404928 63 1
N 3 8393255 8404928 72 1
N 3 8393255 8404928 68 1
N 8 8399092 8404928 36 1
N 0 8404929 8434112 61 1
N 3 8404929 8434112 65 1
N 3 8404929 8434112 61 1
N 3 8404929 8434112 70 1
N 4 8404929 8463296 53 1
N 4 8404929 8463296 61 1
N 4 8404929 8463296 58 1
N 5 8404929 8439949 77 1
N 5 8404929 8439949 89 1
N 6 8404929 8439949 65 1
N 6 8404929 8439949 61 1
N 8 8404929 8410765 34 1
N 8 8428276 8434112 34 1
N 8 8434112 8439948 34 1
N 0 8439949 8445785 56 1
N 5 8439949 8445785 92 1
N 5 8439949 8445785 80 1
N 0 8445786 8451622 58 1
N 5 8445786 8451622 90 1
N 5 8445786 8451622 78 1
N 8 8445786 8451622 36 1
N 0 8451623 8457459 61 1
N 5 8451623 8457459 89 1
N 5 8451623 8457459 77 1
N 0 8457459 8463295 58 1
N 5 8457459 8463295 85 1
N 5 8457459 8463295 73 1
N 8 8457459 8463295 34 1
N 0 8463296 8486643 61 1
N 4 8463296 8498316 58 1
N 4 8463296 8498316 61 1
N 4 8463296 8498316 54 1
N 5 8463296 8498316 73 1
N 5 8463296 8498316 85 1
N 6 8463296 8498316 58 1
N 6 8463296 8498316 61 1
N 8 8463296 8469132 27 1
N 8 8474970 8480806 27 1
N 8 8480806 8486642 27 1
N 0 8486643 8498316 63 1
N 8 8492480 8498316 36 1
N 0 8498317 8533337 58 1
N 4 8498317 8545011 60 1
N 4 8498317 8545011 56 1
N 4 8498317 8545011 63 1
N 5 8498317 8533337 75 1
N 5 8498317 8533337 87 1
N 6 8498317 8533337 63 1
N 6 8498317 8533337 60 1
N 8 8498317 8504153 34 1
N 8 8509990 8515826 32 1
N 8 8521664 8527500 32 1
N 5 8533337 8603378 80 0.755906
N 5 8533337 8603378 68 0.755906
N 6 8533337 8603378 56 0.755906
N 6 8533337 8603378 51 0.755906
N 0 8545011 8556684 56 1
N 4 8545011 8568358 63 1
N 4 8545011 8568358 56 1
N 4 8545011 8568358 60 1
N 8 8545011 8550847 32 1
N 8 8550847 8556683 32 1
N 0 8556684 8580031 61 1
N 3 8556684 8574194 68 1
N 3 8556684 8574194 72 1
N 3 8556684 8574194 63 1
N 8 8556684 8562520 29 1
N 4 8568358 8580031 61 1
N 4 8568358 8580031 53 1
N 4 8568358 8580031 56 1
N 8 8568358 8574194 29 1
N 8 8574194 8580030 29 1
N 0 8580031 8603378 61 1
N 3 8580031 8626725 65 1
N 3 8580031 8626725 68 1
N 3 8580031 8626725 73 1
N 4 8580031 8650072 53 1
N 4 8580031 8650072 61 1
N 4 8580031 8650072 56 1
N 8 8585868 8591704 36 1
N 8 8591705 8597541 34 1
N 15 8591705 8597541 60 0.503937
N 10 8603378 8607269 73 1
N 10 8603378 8607269 85 1
N 10 8609215 8613106 85 1
N 10 8609215 8613106 73 1
N 8 8615052 8620888 32 1
N 11 8615052 8618943 73 1
N 11 8615052 8618943 85 1
N 15 8615052 8620888 60 0.503937
N 11 8620889 8624780 85 1
N 11 8620889 8624780 73 1
N 13 8620889 8623807 56 0.755906
N 15 8620889 8626725 60 0.503937
N 0 8626725 8632561 56 1
N 8 8626725 8632561 34 1
N 10 8626725 8630616 85 1
N 10 8626725 8630616 73 1
N 13 8626725 8629643 61 0.755906
N 15 8626725 8632561 60 0.503937
N 0 8632562 8638398 58 1
N 8 8632562 8638398 32 1
N 10 8632562 8636453 85 1
N 10 8632562 8636453 73 1
N 13 8632562 8635480 61 0.503937
N 0 8638399 8644235 61 1
N 11 8638399 8642290 85 1
N 11 8638399 8642290 73 1
N 0 8644236 8650072 58 1
N 8 8644236 8650072 37 1
N 10 8644236 8648127 85 1
N 10 8644236 8648127 73 1
N 11 8644236 8648127 85 1
N 11 8644236 8648127 73 1
N 13 8644236 8647154 54 0.755906
N 15 8644236 8650072 60 0.503937
N 0 8650072 8661745 65 1
N 3 8650072 8661745 73 1
N 3 8650072 8661745 65 1
N 3 8650072 8661745 68 1
N 4 8650072 8685092 54 1
N 4 8650072 8685092 58 1
N 4 8650072 8685092 61 1
N 5 8650072 8685092 85 1
N 5 8650072 8685092 73 1
N 6 8650072 8685092 58 1
N 6 8650072 8685092 61 1
N 7 8650072 8743460 68 1
N 8 8650072 8655908 27 1
N 15 8650072 8655908 60 0.503937
N 11 8655909 8659800 85 1
N 11 8655909 8659800 73 1
N 8 8661746 8667582 27 1
N 0 8667583 8685093 65 1
N 3 8667583 8685093 65 1
N 3 8667583 8685093 68 1
N 3 8667583 8685093 73 1
N 8 8667583 8673419 27 1
N 8 8679256 8685092 36 1
N 0 8685093 8708440 63 1
N 3 8685093 8696766 72 1
N 3 8685093 8696766 63 1
N 3 8685093 8696766 68 1
N 4 8685093 8743460 56 1
N 4 8685093 8743460 63 1
N 4 8685093 8743460 60 1
N 5 8685093 8720113 87 1
N 5 8685093 8720113 75 1
N 6 8685093 8720113 63 1
N 6 8685093 8720113 60 1
N 8 8685093 8690929 34 1
N 8 8696766 8702602 32 1
N 8 8708440 8714276 32 1
N 0 8720113 8725949 56 1
N 5 8720113 8743460 80 0.755906
N 5 8720113 8743460 68 0.755906
N 6 8720113 8743460 51 0.755906
N 6 8720113 8743460 56 0.755906
N 0 8725950 8731786 58 1
N 0 8731787 8737623 60 1
N 8 8731787 8737623 27 1
N 0 8737624 8743460 58 1
N 8 8737624 8743460 32 1
N 0 8743460 8755133 63 1
N 3 8743460 8755133 63 1
N 3 8743460 8755133 68 1
N 3 8743460 8755133 72 1
N 4 8743460 8778480 60 1
N 4 8743460 8778480 63 1
N 4 8743460 8778480 56 1
N 5 8743460 8778480 87 1
N 5 8743460 8778480 75 1
N 6 8743460 8778480 63 1
N 6 8743460 8778480 60 1
N 7 8743460 8813501 68 1
N 8 8743460 8749296 29 1
N 8 8755134 8760970 29 1
N 0 8760971 8778481 63 1
N 3 8760971 8778481 68 1
N 3 8760971 8778481 63 1
N 3 8760971 8778481 72 1
N 8 8760971 8766807 29 1
N 8 8772644 8778480 36 1
N 0 8778481 8801828 61 1
N 3 8778481 8801828 70 1
N 3 8778481 8801828 65 1
N 3 8778481 8801828 61 1
N 4 8778481 8836848 61 1
N 4 8778481 8836848 58 1
N 4 8778481 8836848 53 1
N 5 8778481 8813501 89 1
N 5 8778481 8813501 77 1
N 6 8778481 8813501 65 1
N 6 8778481 8813501 61 1
N 8 8778481 8784317 34 1
N 8 8801828 8807664 34 1
N 8 8807665 8813501 34 1
N 0 8813501 8819337 56 1
N 5 8813501 8819337 80 1
N 5 8813501 8819337 92 1
N 0 8819338 8825174 58 1
N 5 8819338 8825174 78 1
N 5 8819338 8825174 90 1
N 8 8819338 8825174 36 1
N 0 8825175 8831011 61 1
N 5 8825175 8831011 77 1
N 5 8825175 8831011 89 1
N 0 8831012 8836848 58 1
N 5 8831012 8836848 73 1
N 5 8831012 8836848 85 1
N 8 8831012 8836848 34 1
N 0 8836849 8860196 61 1
N 4 8836849 8871869 61 1
N 4 8836849 8871869 54 1
N 4 8836849 8871869 58 1
N 5 8836849 8871869 85 1
N 5 8836849 8871869 73 1
N 6 8836849 8871869 58 1
N 6 8836849 8871869 61 1
N 8 8836849 8842685 27 1
N 8 8848522 8854358 27 1
N 8 8854359 8860195 27 1
N 0 8860196 8871869 63 1
N 8 8866032 8871868 36 1
N 0 8871869 8895216 58 1
N 4 8871869 8930236 60 1
N 4 8871869 8930236 56 1
N 4 8871869 8930236 63 1
N 5 8871869 8906889 87 1
N 5 8871869 8906889 75 1
N 6 8871869 8906889 63 1
N 6 8871869 8906889 60 1
N 8 8871869 8877705 34 1
N 8 8883543 8889379 32 1
N 0 8895216 8906889 56 1
N 8 8895216 8901052 32 1
N 5 8906890 8976931 68 0.755906
N 5 8906890 8976931 80 0.755906
N 6 8906890 8976931 51 0.755906
N 6 8906890 8976931 56 0.755906
N 0 8918563 8930236 56 1
N 3 8918563 8930236 63 1
N 3 8918563 8930236 68 1
N 3 8918563 8930236 60 1
N 8 8918563 8924399 32 1
N 8 8924400 8930236 32 1
N 0 8930237 8941910 63 1
N 3 8930237 8941910 72 1
N 3 8930237 8941910 63 1
N 3 8930237 8941910 68 1
N 4 8930237 8965257 60 1
N 4 8930237 8965257 63 1
N 4 8930237 8965257 56 1
N 8 8930237 8936073 29 1
N 8 8941910 8947746 29 1
N 8 8947747 8953583 29 1
N 0 8953584 8976931 61 1
N 3 8953584 8988604 68 1
N 3 8953584 8988604 73 1
N 3 8953584 8988604 65 1
N 8 8959420 8965256 36 1
N 4 8965257 9023624 61 1
N 4 8965257 9023624 58 1
N 4 8965257 9023624 53 1
N 8 8965257 8971093 34 1
N 15 8976931 8982767 60 0.503937
N 15 8982767 8988603 60 0.503937
N 8 8988604 8994440 32 1
N 10 8988604 8992495 68 1
N 10 8988604 8992495 80 1
N 15 8988604 8994440 60 0.503937
N 10 8994441 8998332 80 0.755906
N 10 8994441 8998332 68 0.755906
N 15 8994441 9000277 60 0.503937
N 0 9000278 9006114 56 1
N 5 9000278 9006114 92 1
N 5 9000278 9006114 80 1
N 8 9000278 9006114 34 1
N 10 9000278 9004169 82 1
N 10 9000278 9004169 70 1
N 11 9000278 9004169 68 1
N 11 9000278 9004169 80 1
N 13 9000278 9003196 61 0.755906
N 0 9006114 9011950 58 1
N 5 9006114 9011950 78 1
N 5 9006114 9011950 90 1
N 8 9006114 9011950 32 1
N 10 9006114 9010005 73 1
N 10 9006114 9010005 85 1
N 11 9006114 9010005 80 0.755906
N 11 9006114 9010005 68 0.755906
N 13 9006114 9009032 61 0.503937
N 0 9011951 9017787 61 1
N 5 9011951 9017787 77 1
N 5 9011951 9017787 89 1
N 11 9011951 9015842 82 1
N 11 9011951 9015842 70 1
N 0 9017788 9023624 58 1
N 5 9017788 9023624 73 1
N 5 9017788 9023624 85 1
N 8 9017788 9023624 37 1
N 10 9017788 9021679 73 1
N 10 9017788 9021679 85 1
N 11 9017788 9021679 73 1
N 11 9017788 9021679 85 1
N 13 9017788 9020706 54 0.755906
N 0 9023625 9035298 65 1
N 3 9023625 9035298 65 1
N 3 9023625 9035298 68 1
N 3 9023625 9035298 73 1
N 4 9023625 9058645 61 1
N 4 9023625 9058645 54 1
N 4 9023625 9058645 58 1
N 5 9023625 9058645 73 1
N 5 9023625 9058645 85 1
N 6 9023625 9058645 58 1
N 6 9023625 9058645 61 1
N 7 9023625 9117013 68 1
N 8 9023625 9029461 27 1
N 11 9029461 9033352 73 1
N 11 9029461 9033352 85 1
N 8 9035298 9041134 27 1
N 0 9041135 9052808 65 1
N 3 9041135 9052808 73 1
N 3 9041135 9052808 65 1
N 3 9041135 9052808 68 1
N 8 9041135 9046971 27 1
N 8 9052808 9058644 36 1
N 0 9058645 9081992 63 1
N 3 9058645 9081992 68 1
N 3 9058645 9081992 72 1
N 3 9058645 9081992 63 1
N 4 9058645 9117012 60 1
N 4 9058645 9117012 56 1
N 4 9058645 9117012 63 1
N 5 9058645 9093665 75 1
N 5 9058645 9093665 87 1
N 6 9058645 9093665 63 1
N 6 9058645 9093665 60 1
N 8 9058645 9064481 34 1
N 8 9070319 9076155 32 1
N 8 9081992 9087828 32 1
N 0 9093666 9099502 56 1
N 5 9093666 9117013 68 0.755906
N 5 9093666 9117013 80 0.755906
N 6 9093666 9117013 51 0.755906
N 6 9093666 9117013 56 0.755906
N 0 9099503 9105339 58 1
N 0 9105339 9111175 60 1
N 8 9105339 9111175 27 1
N 0 9111176 9117012 58 1
N 8 9111176 9117012 32 1
N 0 9117013 9140360 68 1
N 3 9117013 9140360 63 1
N 3 9117013 9140360 68 1
N 3 9117013 9140360 72 1
N 4 9117013 9152033 60 1
N 4 9117013 9152033 63 1
N 4 9117013 9152033 56 1
N 5 9117013 9152033 87 1
N 5 9117013 9152033 75 1
N 6 9117013 9152033 60 1
N 6 9117013 9152033 63 1
N 7 9117013 9187054 68 1
N 8 9117013 9122849 29 1
N 8 9128686 9134522 29 1
N 8 9134523 9140359 29 1
N 0 9140360 9152033 60 1
N 3 9140360 9152033 68 1
N 3 9140360 9152033 63 1
N 3 9140360 9152033 72 1
N 8 9146197 9152033 36 1
N 0 9152033 9181216 61 1
N 3 9152033 9181216 70 1
N 3 9152033 9181216 65 1
N 3 9152033 9181216 61 1
N 4 9152033 9210400 61 1
N 4 9152033 9210400 58 1
N 4 9152033 9210400 53 1
N 5 9152033 9187053 89 1
N 5 9152033 9187053 77 1
N 6 9152033 9187053 61 1
N 6 9152033 9187053 65 1
N 8 9152033 9157869 34 1
N 8 9175380 9181216 34 1
N 8 9181217 9187053 34 1
N 0 9187054 9192890 56 1
N 5 9187054 9192890 80 1
N 5 9187054 9192890 92 1
N 0 9192891 9198727 58 1
N 5 9192891 9198727 78 1
N 5 9192891 9198727 90 1
N 8 9192891 9198727 36 1
N 0 9198727 9204563 61 1
N 5 9198727 9204563 77 1
N 5 9198727 9204563 89 1
N 0 9204564 9210400 58 1
N 5 9204564 9210400 73 1
N 5 9204564 9210400 85 1
N 8 9204564 9210400 34 1
N 0 9210401 9233748 61 1
N 4 9210401 9245421 54 1
N 4 9210401 9245421 58 1
N 4 9210401 9245421 61 1
N 5 9210401 9245421 73 1
N 5 9210401 9245421 85 1
N 6 9210401 9245421 61 1
N 6 9210401 9245421 58 1
N 8 9210401 9216237 27 1
N 8 9222074 9227910 27 1
N 8 9227911 9233747 27 1
N 0 9233748 9245421 63 1
N 8 9239585 9245421 36 1
N 0 9245421 9280441 58 1
N 4 9245421 9292115 56 1
N 4 9245421 9292115 63 1
N 4 9245421 9292115 60 1
N 5 9245421 9280441 75 1
N 5 9245421 9280441 87 1
N 6 9245421 9280441 60 1
N 6 9245421 9280441 63 1
N 8 9245421 9251257 34 1
N 8 9257095 9262931 32 1
N 8 9268768 9274604 32 1
N 5 9280442 9350483 80 0.755906
N 5 9280442 9350483 68 0.755906
N 6 9280442 9350483 51 0.755906
N 6 9280442 9350483 56 0.755906
N 0 9292115 9303788 56 1
N 4 9292115 9315462 56 1
N 4 9292115 9315462 60 1
N 4 9292115 9315462 63 1
N 8 9292115 9297951 32 1
N 8 9297952 9303788 32 1
N 0 9303789 9327136 61 1
N 3 9303789 9321299 68 1
N 3 9303789 9321299 72 1
N 3 9303789 9321299 63 1
N 8 9303789 9309625 29 1
N 4 9315463 9327136 56 1
N 4 9315463 9327136 61 1
N 4 9315463 9327136 53 1
N 8 9315463 9321299 29 1
N 8 9321299 9327135 29 1
N 0 9327136 9350483 61 1
N 3 9327136 9373830 65 1
N 3 9327136 9373830 68 1
N 3 9327136 9373830 73 1
N 4 9327136 9397177 56 1
N 4 9327136 9397177 53 1
N 4 9327136 9397177 61 1
N 8 9332973 9338809 36 1
N 8 9338810 9344646 34 1
N 10 9350483 9354374 73 1
N 10 9350483 9354374 85 1
N 10 9356320 9360211 85 1
N 10 9356320 9360211 73 1
N 8 9362157 9367993 32 1
N 11 9362157 9366048 73 1
N 11 9362157 9366048 85 1
N 11 9367993 9371884 85 1
N 11 9367993 9371884 73 1
N 13 9367993 9370911 56 0.755906
N 8 9373830 9379666 34 1
N 10 9373830 9377721 73 1
N 10 9373830 9377721 85 1
N 13 9373830 9376748 61 0.755906
N 8 9379667 9385503 32 1
N 10 9379667 9383558 73 1
N 10 9379667 9383558 85 1
N 13 9379667 9382585 61 0.503937
N 11 9385504 9389395 73 1
N 11 9385504 9389395 85 1
N 8 9391340 9397176 37 1
N 10 9391340 9395231 73 1
N 10 9391340 9395231 85 1
N 11 9391340 9395231 73 1
N 11 9391340 9395231 85 1
N 13 9391340 9394258 54 0.755906
